/*********************************************
 * OPL 12.6.0.0 Data
 * Author: QZ61P8
 * Creation Date: 10.07.2014 at 08:59:12
 *********************************************/


nNetworks = 8;
nTime = 100;
nInterfaceTypes = 2;
nFlows = 9;

//channel model: generated Sat Nov 19 22:21:54 CET 2016
availChunkBuckets = //[Networks, Time]  
[
	[51, 54, 48, 34, 56, 42, 34, 80, 80, 77, 77, 77, 64, 64, 64, 64, 64, 55, 55, 25, 58, 79, 45, 102, 79, 91, 102, 93, 116, 140, 133, 88, 94, 114, 120, 81, 41, 62, 74, 107, 61, 79, 65, 70, 43, 51, 92, 87, 91, 64, 110, 91, 91, 94, 69, 44, 65, 124, 90, 108, 119, 62, 39, 42, 61, 76, 69, 53, 67, 53, 72, 50, 62, 30, 72, 91, 48, 62, 91, 77, 74, 53, 47, 83, 85, 91, 59, 97, 58, 67, 72, 80, 79, 91, 107, 98, 84, 49, 91, 91]
,
	[61, 90, 111, 96, 83, 73, 78, 117, 117, 106, 106, 106, 73, 73, 73, 73, 73, 93, 93, 102, 81, 66, 93, 58, 106, 79, 63, 93, 97, 115, 111, 71, 94, 86, 98, 98, 101, 85, 50, 38, 52, 88, 106, 101, 86, 68, 69, 83, 96, 111, 111, 122, 108, 91, 88, 101, 105, 75, 52, 42, 51, 63, 52, 63, 71, 102, 110, 58, 65, 57, 100, 78, 111, 118, 93, 60, 57, 54, 102, 126, 104, 103, 100, 115, 73, 60, 100, 61, 62, 69, 113, 78, 72, 111, 86, 86, 71, 26, 75, 75]
,
	[0, 0, 0, 0, 0, 0, 0, 0, 0, 0, 0, 0, 0, 0, 0, 0, 0, 0, 0, 0, 0, 0, 0, 0, 0, 11, 13, 35, 29, 38, 47, 46, 41, 48, 49, 50, 72, 62, 59, 84, 67, 73, 60, 55, 38, 19, 0, 0, 0, 0, 0, 0, 0, 0, 0, 0, 0, 0, 0, 0, 0, 0, 0, 0, 0, 0, 0, 0, 0, 0, 0, 0, 0, 0, 0, 0, 0, 0, 0, 0, 0, 0, 0, 0, 0, 0, 0, 0, 0, 0, 0, 0, 0, 0, 0, 0, 0, 0, 0, 0]
,
	[0, 0, 0, 0, 0, 0, 0, 0, 0, 0, 0, 0, 0, 0, 0, 0, 0, 0, 0, 0, 0, 0, 0, 0, 0, 0, 0, 0, 0, 0, 0, 0, 0, 0, 0, 0, 8, 26, 29, 37, 22, 60, 69, 90, 59, 72, 76, 103, 115, 59, 72, 51, 48, 82, 63, 79, 58, 42, 23, 22, 14, 0, 0, 0, 0, 0, 0, 0, 0, 0, 0, 0, 0, 0, 0, 0, 0, 0, 0, 0, 0, 0, 0, 0, 0, 0, 0, 0, 0, 0, 0, 0, 0, 0, 0, 0, 0, 0, 0, 0]
,
	[0, 0, 0, 0, 0, 0, 0, 0, 0, 0, 0, 0, 0, 0, 0, 0, 0, 0, 0, 0, 0, 0, 0, 0, 0, 0, 0, 0, 0, 0, 0, 0, 0, 0, 0, 0, 0, 0, 0, 0, 0, 0, 0, 0, 0, 8, 16, 35, 39, 37, 35, 69, 48, 63, 52, 47, 39, 36, 27, 55, 49, 53, 52, 58, 74, 75, 43, 40, 33, 35, 20, 8, 0, 0, 0, 0, 0, 0, 0, 0, 0, 0, 0, 0, 0, 0, 0, 0, 0, 0, 0, 0, 0, 0, 0, 0, 0, 0, 0, 0]
,
	[0, 0, 0, 0, 0, 0, 0, 0, 0, 0, 0, 0, 0, 0, 0, 0, 0, 0, 0, 0, 0, 0, 0, 0, 0, 0, 0, 0, 0, 0, 0, 0, 0, 0, 0, 0, 0, 0, 0, 0, 0, 0, 0, 0, 0, 0, 0, 0, 0, 0, 0, 0, 0, 0, 0, 17, 20, 56, 51, 55, 88, 75, 38, 71, 45, 59, 44, 68, 30, 25, 8, 0, 0, 0, 0, 0, 0, 0, 0, 0, 0, 0, 0, 0, 0, 0, 0, 0, 0, 0, 0, 0, 0, 0, 0, 0, 0, 0, 0, 0]
,
	[0, 0, 0, 0, 0, 0, 0, 0, 0, 0, 0, 0, 0, 0, 0, 0, 0, 0, 0, 0, 0, 0, 0, 0, 0, 0, 0, 0, 0, 0, 0, 0, 0, 0, 0, 0, 0, 0, 0, 0, 0, 0, 0, 0, 0, 0, 0, 0, 0, 0, 0, 0, 0, 0, 0, 0, 6, 15, 28, 42, 52, 46, 46, 23, 27, 57, 76, 44, 45, 60, 48, 42, 63, 44, 19, 17, 14, 6, 0, 0, 0, 0, 0, 0, 0, 0, 0, 0, 0, 0, 0, 0, 0, 0, 0, 0, 0, 0, 0, 0]
,
	[0, 0, 0, 0, 0, 0, 0, 0, 0, 0, 0, 0, 0, 0, 0, 0, 0, 0, 0, 0, 0, 0, 0, 0, 0, 0, 0, 0, 0, 0, 0, 0, 0, 0, 0, 0, 0, 0, 0, 0, 0, 0, 0, 0, 0, 0, 0, 0, 0, 0, 0, 0, 0, 0, 0, 0, 0, 0, 0, 0, 0, 0, 0, 0, 0, 0, 0, 0, 0, 0, 0, 0, 0, 0, 0, 8, 14, 29, 43, 54, 77, 73, 85, 75, 51, 50, 50, 80, 91, 75, 61, 56, 42, 23, 13, 0, 0, 0, 0, 0]

];
	
network_cost = //[Networks] 
	[18, 20, 3, 2, 1, 3, 1, 2];				//static cost per channel (change later to more realistic model)
network_lcy =
	[5, 12, 4, 0, 1, 1, 4, 5];
network_jit =
	[9, 3, 7, 12, 6, 7, 7, 8];	

network_type= //[Networks] 				//each channel has a specific type; e.g. WiFi, LTE..
	[2, 2, 1, 1, 1, 1, 1, 1];		
nClientInterfaces = //[InterfaceTypes]
	[1, 1];	

//requests: generated Sat Nov 19 22:21:54 CET 2016
nChunks = 				[550, 1760, 212, 100, 500, 2200, 570, 195, 75];		//[Flows]		
deadline= 				[42, 72, 64, 92, 44, 89, 79, 57, 66];		//[Flows] 
prefStartTime = 		[9, 0, 41, 79, 11, 0, 46, 46, 47];		//[Flows]
tpMaxWindow = 			[1, 1, 1, 1, 1, 1, 1, 1, 1];		//[Flows]	//0 says not relevant/no maximum transfer rate; upper throughput limit
tpMaxChunks = 			[100000, 100000, 9, 100000, 100000, 100000, 17, 100000, 100000]; 		//maximum of chunks in above specified time frame
tpMinWindow = 			[18, 100000, 1, 3, 21, 100000, 1, 3, 3];		//[Flows]  //1000 says not relevant / no minimum transfer rate
tpMinChunks = 			[72, 1, 9, 1, 78, 1, 4, 1, 1]; 		//minimum of chunks in above specified time frame; lower throughput limit
latency = 				[10, 10, 4, 10, 10, 10, 4, 10, 10];	
jitter = 				[10, 10, 4, 10, 10, 10, 4, 10, 10];

hysteresis = 500;
tpMinAmp = 100;
importance = [
	[5, 0, 20, 8, 7, 0, 20, 8, 9],	//deadline
	[5, 0, 10, 8, 2, 0, 10, 8, 8],	//start time
	[, , , , , , , , ],	//throughput upper bound
	[8, 0, 50, 4, 8, 0, 50, 2, 4],	//throughput lower bound
	[6, 4, 6, 17, 4, 1, 6, 13, 12],	//unsched
	[0, 0, 8, 0, 0, 0, 9, 0, 0],	//latency
	[0, 0, 9, 0, 0, 0, 7, 0, 0]	//jitter
]; //[ImportanceTypes, Flows]

//user profiles
userImportance = [5, 3, 9, 7, 8, 1, 9, 7, 9]; //[Flows]
costImp = 15; //former willingness to pay is now inversely proportional value: cost importance 
 
