/*********************************************
 * OPL 12.6.0.0 Data
 * Author: QZ61P8
 * Creation Date: 10.07.2014 at 08:59:12
 *********************************************/


nNetworks = 8;
nTime = 100;
nInterfaceTypes = 2;
nFlows = 9;

//channel model: generated Sat Nov 19 14:34:29 CET 2016
availChunkBuckets = //[Networks, Time]  
[
	[55, 88, 68, 59, 103, 83, 112, 103, 91, 73, 89, 109, 86, 97, 77, 51, 68, 43, 82, 77, 95, 85, 79, 72, 81, 105, 100, 79, 89, 82, 85, 92, 99, 122, 71, 46, 50, 31, 30, 24, 40, 52, 72, 73, 83, 87, 82, 82, 106, 83, 88, 101, 90, 85, 86, 72, 74, 83, 72, 99, 99, 58, 41, 52, 80, 98, 98, 98, 87, 90, 102, 69, 58, 62, 81, 71, 100, 102, 64, 51, 70, 61, 61, 56, 74, 85, 77, 55, 71, 41, 49, 64, 74, 78, 78, 78, 78, 78, 78, 78]
,
	[50, 78, 51, 89, 86, 89, 77, 103, 89, 110, 99, 68, 53, 98, 124, 126, 74, 84, 85, 91, 99, 67, 83, 75, 57, 75, 67, 87, 88, 91, 120, 131, 113, 82, 80, 76, 78, 62, 69, 75, 81, 89, 67, 89, 101, 98, 85, 114, 97, 90, 93, 98, 68, 46, 38, 91, 94, 119, 108, 66, 86, 83, 53, 80, 84, 59, 59, 44, 66, 90, 72, 82, 73, 63, 93, 73, 52, 93, 88, 76, 52, 64, 64, 40, 82, 93, 86, 57, 50, 55, 59, 86, 55, 74, 74, 74, 74, 74, 74, 74]
,
	[0, 0, 0, 0, 0, 0, 0, 0, 0, 0, 0, 0, 0, 0, 0, 0, 0, 0, 0, 8, 17, 42, 69, 56, 67, 55, 59, 57, 68, 45, 33, 14, 6, 0, 0, 0, 0, 0, 0, 0, 0, 0, 0, 0, 0, 0, 0, 0, 0, 0, 0, 0, 0, 0, 0, 0, 0, 0, 0, 0, 0, 0, 0, 0, 0, 0, 0, 0, 0, 0, 0, 0, 0, 0, 0, 0, 0, 0, 0, 0, 0, 0, 0, 0, 0, 0, 0, 0, 0, 0, 0, 0, 0, 0, 0, 0, 0, 0, 0, 0]
,
	[0, 0, 0, 0, 0, 0, 0, 0, 0, 0, 0, 0, 0, 0, 0, 0, 0, 0, 0, 0, 0, 0, 0, 0, 0, 0, 7, 17, 48, 45, 75, 80, 72, 84, 75, 85, 96, 88, 76, 68, 65, 74, 69, 56, 70, 57, 81, 63, 52, 38, 31, 27, 13, 0, 0, 0, 0, 0, 0, 0, 0, 0, 0, 0, 0, 0, 0, 0, 0, 0, 0, 0, 0, 0, 0, 0, 0, 0, 0, 0, 0, 0, 0, 0, 0, 0, 0, 0, 0, 0, 0, 0, 0, 0, 0, 0, 0, 0, 0, 0]
,
	[0, 0, 0, 0, 0, 0, 0, 0, 0, 0, 0, 0, 0, 0, 0, 0, 0, 0, 0, 0, 0, 0, 0, 0, 0, 0, 0, 0, 0, 0, 0, 0, 0, 0, 0, 7, 14, 23, 34, 42, 54, 70, 46, 69, 70, 62, 34, 36, 59, 45, 50, 75, 78, 62, 55, 54, 46, 39, 30, 31, 19, 16, 7, 0, 0, 0, 0, 0, 0, 0, 0, 0, 0, 0, 0, 0, 0, 0, 0, 0, 0, 0, 0, 0, 0, 0, 0, 0, 0, 0, 0, 0, 0, 0, 0, 0, 0, 0, 0, 0]
,
	[0, 0, 0, 0, 0, 0, 0, 0, 0, 0, 0, 0, 0, 0, 0, 0, 0, 0, 0, 0, 0, 0, 0, 0, 0, 0, 0, 0, 0, 0, 0, 0, 0, 0, 0, 0, 0, 0, 0, 0, 0, 0, 0, 0, 0, 12, 35, 36, 50, 86, 76, 86, 94, 64, 54, 60, 74, 74, 53, 43, 31, 37, 15, 8, 0, 0, 0, 0, 0, 0, 0, 0, 0, 0, 0, 0, 0, 0, 0, 0, 0, 0, 0, 0, 0, 0, 0, 0, 0, 0, 0, 0, 0, 0, 0, 0, 0, 0, 0, 0]
,
	[0, 0, 0, 0, 0, 0, 0, 0, 0, 0, 0, 0, 0, 0, 0, 0, 0, 0, 0, 0, 0, 0, 0, 0, 0, 0, 0, 0, 0, 0, 0, 0, 0, 0, 0, 0, 0, 0, 0, 0, 0, 0, 0, 7, 17, 32, 36, 37, 31, 54, 65, 63, 74, 48, 71, 54, 55, 51, 62, 46, 63, 55, 63, 39, 61, 75, 75, 84, 74, 66, 58, 29, 26, 15, 5, 0, 0, 0, 0, 0, 0, 0, 0, 0, 0, 0, 0, 0, 0, 0, 0, 0, 0, 0, 0, 0, 0, 0, 0, 0]
,
	[0, 0, 0, 0, 0, 0, 0, 0, 0, 0, 0, 0, 0, 0, 0, 0, 0, 0, 0, 0, 0, 0, 0, 0, 0, 0, 0, 0, 0, 0, 0, 0, 0, 0, 0, 0, 0, 0, 0, 0, 0, 0, 0, 0, 0, 0, 0, 0, 0, 0, 0, 0, 0, 0, 0, 0, 0, 0, 0, 0, 0, 0, 0, 0, 0, 0, 0, 9, 22, 25, 46, 66, 69, 56, 69, 70, 72, 85, 91, 84, 72, 49, 49, 70, 55, 46, 37, 18, 11, 6, 0, 0, 0, 0, 0, 0, 0, 0, 0, 0]

];
	
network_cost = //[Networks] 
	[22, 16, 3, 2, 1, 1, 3, 3];				//static cost per channel (change later to more realistic model)
network_lcy =
	[8, 10, 6, 4, 2, 0, 2, 1];
network_jit =
	[4, 5, 6, 9, 3, 3, 4, 0];	

network_type= //[Networks] 				//each channel has a specific type; e.g. WiFi, LTE..
	[2, 2, 1, 1, 1, 1, 1, 1];		
nClientInterfaces = //[InterfaceTypes]
	[1, 1];	

//requests: generated Sat Nov 19 14:34:29 CET 2016
nChunks = 				[1050, 1595, 555, 15, 575, 1045, 465, 190, 49];		//[Flows]		
deadline= 				[53, 58, 56, 43, 91, 78, 99, 33, 52];		//[Flows] 
prefStartTime = 		[20, 0, 37, 42, 58, 0, 21, 30, 41];		//[Flows]
tpMaxWindow = 			[1, 1, 1, 1, 1, 1, 1, 1, 1];		//[Flows]	//0 says not relevant/no maximum transfer rate; upper throughput limit
tpMaxChunks = 			[100000, 100000, 29, 100000, 100000, 100000, 5, 100000, 100000]; 		//maximum of chunks in above specified time frame
tpMinWindow = 			[15, 100000, 1, 3, 14, 100000, 1, 3, 3];		//[Flows]  //1000 says not relevant / no minimum transfer rate
tpMinChunks = 			[116, 1, 9, 1, 59, 1, 1, 1, 1]; 		//minimum of chunks in above specified time frame; lower throughput limit
latency = 				[10, 10, 4, 10, 10, 10, 4, 10, 10];	
jitter = 				[10, 10, 4, 10, 10, 10, 4, 10, 10];

hysteresis = 500;
tpMinAmp = 100;
importance = [
	[7, 0, 20, 7, 8, 0, 20, 9, 7],	//deadline
	[4, 0, 10, 8, 2, 0, 10, 8, 9],	//start time
	[, , , , , , , , ],	//throughput upper bound
	[7, 0, 50, 4, 8, 0, 50, 3, 4],	//throughput lower bound
	[4, 4, 5, 17, 6, 1, 5, 17, 13],	//unsched
	[0, 0, 9, 0, 0, 0, 7, 0, 0],	//latency
	[0, 0, 8, 0, 0, 0, 8, 0, 0]	//jitter
]; //[ImportanceTypes, Flows]

//user profiles
userImportance = [7, 1, 10, 7, 6, 3, 10, 10, 8]; //[Flows]
costImp = 15; //former willingness to pay is now inversely proportional value: cost importance 
 
