/*********************************************
 * OPL 12.6.0.0 Data
 * Author: QZ61P8
 * Creation Date: 10.07.2014 at 08:59:12
 *********************************************/


nNetworks = 8;
nTime = 100;
nInterfaceTypes = 2;
nFlows = 11;

//channel model: generated Tue Nov 15 18:21:24 CET 2016
availChunkBuckets = //[Networks, Time]  
[
	[65, 106, 120, 60, 81, 81, 70, 80, 70, 62, 110, 110, 81, 67, 67, 97, 94, 80, 85, 42, 60, 123, 103, 53, 73, 40, 55, 48, 52, 55, 81, 106, 91, 89, 65, 62, 73, 89, 65, 62, 50, 23, 62, 54, 71, 81, 81, 60, 43, 62, 86, 64, 41, 61, 58, 67, 56, 69, 80, 54, 53, 97, 69, 62, 64, 86, 75, 76, 44, 81, 85, 76, 75, 54, 35, 18, 44, 78, 64, 52, 50, 86, 67, 49, 66, 105, 73, 87, 67, 73, 73, 73, 73, 73, 73, 73, 73, 73, 73, 73]
,
	[62, 72, 71, 100, 91, 91, 84, 66, 78, 94, 123, 123, 99, 60, 60, 46, 104, 100, 107, 108, 68, 44, 38, 42, 48, 90, 126, 131, 114, 123, 126, 82, 81, 89, 74, 57, 78, 117, 100, 126, 133, 89, 80, 69, 45, 63, 63, 66, 76, 94, 76, 97, 89, 87, 69, 104, 91, 85, 70, 95, 116, 112, 53, 71, 51, 86, 124, 122, 111, 87, 124, 91, 74, 83, 41, 24, 40, 45, 32, 41, 91, 55, 90, 113, 68, 75, 72, 111, 54, 67, 67, 67, 67, 67, 67, 67, 67, 67, 67, 67]
,
	[0, 0, 0, 0, 0, 0, 0, 0, 0, 0, 0, 0, 0, 0, 0, 0, 0, 0, 0, 0, 0, 0, 12, 19, 27, 26, 26, 39, 44, 76, 67, 37, 46, 28, 15, 0, 0, 0, 0, 0, 0, 0, 0, 0, 0, 0, 0, 0, 0, 0, 0, 0, 0, 0, 0, 0, 0, 0, 0, 0, 0, 0, 0, 0, 0, 0, 0, 0, 0, 0, 0, 0, 0, 0, 0, 0, 0, 0, 0, 0, 0, 0, 0, 0, 0, 0, 0, 0, 0, 0, 0, 0, 0, 0, 0, 0, 0, 0, 0, 0]
,
	[0, 0, 0, 0, 0, 0, 0, 0, 0, 0, 0, 0, 0, 0, 0, 0, 0, 0, 0, 0, 0, 0, 0, 0, 0, 0, 0, 0, 0, 0, 9, 21, 25, 63, 42, 33, 27, 67, 36, 27, 61, 75, 79, 77, 47, 59, 59, 41, 32, 66, 57, 61, 56, 59, 24, 10, 0, 0, 0, 0, 0, 0, 0, 0, 0, 0, 0, 0, 0, 0, 0, 0, 0, 0, 0, 0, 0, 0, 0, 0, 0, 0, 0, 0, 0, 0, 0, 0, 0, 0, 0, 0, 0, 0, 0, 0, 0, 0, 0, 0]
,
	[0, 0, 0, 0, 0, 0, 0, 0, 0, 0, 0, 0, 0, 0, 0, 0, 0, 0, 0, 0, 0, 0, 0, 0, 0, 0, 0, 0, 0, 0, 0, 0, 0, 0, 0, 0, 0, 0, 0, 4, 10, 21, 34, 61, 54, 55, 55, 66, 53, 40, 28, 24, 48, 48, 33, 33, 20, 50, 63, 57, 47, 34, 15, 5, 2, 0, 0, 0, 0, 0, 0, 0, 0, 0, 0, 0, 0, 0, 0, 0, 0, 0, 0, 0, 0, 0, 0, 0, 0, 0, 0, 0, 0, 0, 0, 0, 0, 0, 0, 0]
,
	[0, 0, 0, 0, 0, 0, 0, 0, 0, 0, 0, 0, 0, 0, 0, 0, 0, 0, 0, 0, 0, 0, 0, 0, 0, 0, 0, 0, 0, 0, 0, 0, 0, 0, 0, 0, 0, 0, 0, 0, 0, 0, 0, 0, 0, 0, 0, 0, 0, 22, 47, 37, 58, 39, 25, 61, 55, 38, 55, 82, 102, 87, 92, 77, 54, 15, 0, 0, 0, 0, 0, 0, 0, 0, 0, 0, 0, 0, 0, 0, 0, 0, 0, 0, 0, 0, 0, 0, 0, 0, 0, 0, 0, 0, 0, 0, 0, 0, 0, 0]
,
	[0, 0, 0, 0, 0, 0, 0, 0, 0, 0, 0, 0, 0, 0, 0, 0, 0, 0, 0, 0, 0, 0, 0, 0, 0, 0, 0, 0, 0, 0, 0, 0, 0, 0, 0, 0, 0, 0, 0, 0, 0, 0, 0, 0, 0, 0, 0, 0, 0, 7, 10, 30, 41, 56, 90, 79, 80, 77, 44, 42, 45, 42, 33, 47, 29, 34, 67, 60, 29, 34, 11, 2, 1, 0, 0, 0, 0, 0, 0, 0, 0, 0, 0, 0, 0, 0, 0, 0, 0, 0, 0, 0, 0, 0, 0, 0, 0, 0, 0, 0]
,
	[0, 0, 0, 0, 0, 0, 0, 0, 0, 0, 0, 0, 0, 0, 0, 0, 0, 0, 0, 0, 0, 0, 0, 0, 0, 0, 0, 0, 0, 0, 0, 0, 0, 0, 0, 0, 0, 0, 0, 0, 0, 0, 0, 0, 0, 0, 0, 0, 0, 0, 0, 0, 0, 0, 0, 0, 0, 0, 0, 0, 0, 0, 0, 0, 0, 0, 0, 0, 6, 18, 48, 34, 34, 56, 73, 66, 35, 41, 49, 55, 64, 39, 35, 24, 33, 21, 10, 0, 0, 0, 0, 0, 0, 0, 0, 0, 0, 0, 0, 0]

];
	
network_cost = //[Networks] 
	[22, 16, 1, 1, 2, 3, 1, 2];				//static cost per channel (change later to more realistic model)
network_lcy =
	[7, 8, 4, 0, 0, 0, 3, 0];
network_jit =
	[8, 3, 5, 6, 2, 9, 2, 4];	

network_type= //[Networks] 				//each channel has a specific type; e.g. WiFi, LTE..
	[2, 2, 1, 1, 1, 1, 1, 1];		
nClientInterfaces = //[InterfaceTypes]
	[1, 1];	

//requests: generated Tue Nov 15 18:21:24 CET 2016
nChunks = 				[850, 220, 285, 36, 825, 935, 645, 95, 0, 54, 1980];		//[Flows]		
deadline= 				[86, 8, 99, 28, 53, 64, 71, 90, 52, 72, 99];		//[Flows] 
prefStartTime = 		[53, 0, 39, 23, 20, 0, 0, 77, 42, 69, 34];		//[Flows]
tpMaxWindow = 			[1, 1, 1, 1, 1, 1, 1, 1, 1, 1, 1];		//[Flows]	//0 says not relevant/no maximum transfer rate; upper throughput limit
tpMaxChunks = 			[100000, 100000, 4, 100000, 100000, 100000, 9, 100000, 100000, 100000, 100000]; 		//maximum of chunks in above specified time frame
tpMinWindow = 			[18, 100000, 1, 3, 16, 100000, 1, 3, 3, 3, 100000];		//[Flows]  //1000 says not relevant / no minimum transfer rate
tpMinChunks = 			[112, 1, 2, 1, 100, 1, 9, 1, 1, 1, 1]; 		//minimum of chunks in above specified time frame; lower throughput limit
latency = 				[10, 10, 4, 10, 10, 10, 4, 10, 10, 10, 10];	
jitter = 				[10, 10, 4, 10, 10, 10, 4, 10, 10, 10, 10];

hysteresis = 500;
tpMinAmp = 100;
importance = [
	[9, 0, 20, 7, 7, 0, 20, 9, 9, 9, 0],	//deadline
	[3, 0, 10, 9, 1, 0, 10, 7, 9, 9, 0],	//start time
	[, , , , , , , , , , ],	//throughput upper bound
	[7, 0, 50, 4, 6, 0, 50, 2, 4, 4, 0],	//throughput lower bound
	[5, 3, 6, 18, 6, 4, 4, 17, 15, 14, 3],	//unsched
	[0, 0, 7, 0, 0, 0, 7, 0, 0, 0, 0],	//latency
	[0, 0, 8, 0, 0, 0, 7, 0, 0, 0, 0]	//jitter
]; //[ImportanceTypes, Flows]

//user profiles
userImportance = [8, 1, 8, 7, 6, 1, 9, 8, 10, 6, 1]; //[Flows]
costImp = 15; //former willingness to pay is now inversely proportional value: cost importance 
 
