/*********************************************
 * OPL 12.6.0.0 Data
 * Author: QZ61P8
 * Creation Date: 10.07.2014 at 08:59:12
 *********************************************/


nNetworks = 8;
nTime = 100;
nInterfaceTypes = 2;
nFlows = 8;

//channel model: generated Sat Nov 12 17:50:47 CET 2016
availChunkBuckets = //[Networks, Time]  
[
	[94, 54, 76, 70, 77, 75, 113, 91, 85, 116, 97, 73, 111, 108, 57, 93, 118, 105, 111, 111, 88, 58, 49, 77, 83, 106, 59, 36, 41, 89, 102, 81, 87, 72, 55, 52, 75, 41, 30, 28, 28, 68, 65, 64, 93, 76, 72, 93, 80, 74, 82, 90, 66, 69, 89, 109, 68, 101, 101, 78, 111, 85, 46, 55, 95, 93, 73, 66, 109, 94, 74, 82, 74, 71, 93, 96, 89, 102, 53, 34, 56, 41, 98, 56, 68, 105, 120, 113, 131, 108, 113, 110, 54, 59, 28, 85, 89, 53, 52, 54]
,
	[44, 79, 64, 87, 86, 117, 123, 80, 54, 83, 65, 75, 59, 70, 53, 82, 64, 82, 101, 123, 139, 68, 45, 53, 65, 79, 72, 56, 66, 82, 83, 100, 65, 97, 98, 55, 31, 93, 74, 64, 70, 91, 104, 73, 65, 42, 49, 23, 56, 50, 59, 68, 83, 116, 96, 86, 109, 112, 76, 79, 65, 63, 57, 72, 51, 59, 54, 81, 54, 50, 74, 72, 104, 109, 101, 76, 63, 57, 99, 86, 74, 80, 65, 89, 51, 73, 75, 55, 80, 84, 104, 62, 71, 103, 111, 78, 52, 51, 56, 55]
,
	[0, 0, 0, 0, 0, 0, 0, 0, 0, 0, 0, 0, 0, 0, 0, 0, 0, 0, 0, 0, 0, 0, 7, 22, 39, 46, 52, 63, 64, 78, 49, 57, 48, 58, 40, 42, 30, 17, 0, 0, 0, 0, 0, 0, 0, 0, 0, 0, 0, 0, 0, 0, 0, 0, 0, 0, 0, 0, 0, 0, 0, 0, 0, 0, 0, 0, 0, 0, 0, 0, 0, 0, 0, 0, 0, 0, 0, 0, 0, 0, 0, 0, 0, 0, 0, 0, 0, 0, 0, 0, 0, 0, 0, 0, 0, 0, 0, 0, 0, 0]
,
	[0, 0, 0, 0, 0, 0, 0, 0, 0, 0, 0, 0, 0, 0, 0, 0, 0, 0, 0, 0, 0, 0, 0, 0, 0, 0, 0, 0, 0, 0, 0, 8, 19, 26, 47, 58, 40, 75, 38, 47, 68, 35, 31, 27, 54, 42, 52, 54, 84, 60, 52, 47, 55, 33, 26, 27, 25, 14, 0, 0, 0, 0, 0, 0, 0, 0, 0, 0, 0, 0, 0, 0, 0, 0, 0, 0, 0, 0, 0, 0, 0, 0, 0, 0, 0, 0, 0, 0, 0, 0, 0, 0, 0, 0, 0, 0, 0, 0, 0, 0]
,
	[0, 0, 0, 0, 0, 0, 0, 0, 0, 0, 0, 0, 0, 0, 0, 0, 0, 0, 0, 0, 0, 0, 0, 0, 0, 0, 0, 0, 0, 0, 0, 0, 0, 0, 0, 0, 0, 0, 0, 9, 9, 32, 42, 45, 65, 44, 59, 54, 53, 67, 37, 58, 60, 31, 52, 49, 31, 24, 55, 37, 59, 82, 68, 78, 59, 56, 59, 38, 30, 16, 8, 0, 0, 0, 0, 0, 0, 0, 0, 0, 0, 0, 0, 0, 0, 0, 0, 0, 0, 0, 0, 0, 0, 0, 0, 0, 0, 0, 0, 0]
,
	[0, 0, 0, 0, 0, 0, 0, 0, 0, 0, 0, 0, 0, 0, 0, 0, 0, 0, 0, 0, 0, 0, 0, 0, 0, 0, 0, 0, 0, 0, 0, 0, 0, 0, 0, 0, 0, 0, 0, 0, 0, 0, 0, 0, 0, 0, 0, 0, 0, 0, 0, 0, 15, 17, 32, 27, 27, 73, 65, 82, 101, 87, 81, 48, 33, 31, 14, 0, 0, 0, 0, 0, 0, 0, 0, 0, 0, 0, 0, 0, 0, 0, 0, 0, 0, 0, 0, 0, 0, 0, 0, 0, 0, 0, 0, 0, 0, 0, 0, 0]
,
	[0, 0, 0, 0, 0, 0, 0, 0, 0, 0, 0, 0, 0, 0, 0, 0, 0, 0, 0, 0, 0, 0, 0, 0, 0, 0, 0, 0, 0, 0, 0, 0, 0, 0, 0, 0, 0, 0, 0, 0, 0, 0, 0, 0, 0, 0, 0, 0, 0, 7, 14, 14, 41, 37, 25, 44, 23, 43, 34, 51, 33, 61, 40, 25, 38, 26, 27, 19, 59, 38, 50, 55, 52, 59, 35, 27, 35, 22, 29, 18, 6, 0, 0, 0, 0, 0, 0, 0, 0, 0, 0, 0, 0, 0, 0, 0, 0, 0, 0, 0]
,
	[0, 0, 0, 0, 0, 0, 0, 0, 0, 0, 0, 0, 0, 0, 0, 0, 0, 0, 0, 0, 0, 0, 0, 0, 0, 0, 0, 0, 0, 0, 0, 0, 0, 0, 0, 0, 0, 0, 0, 0, 0, 0, 0, 0, 0, 0, 0, 0, 0, 0, 0, 0, 0, 0, 0, 0, 0, 0, 0, 0, 0, 0, 0, 0, 0, 0, 0, 0, 0, 10, 19, 18, 15, 55, 68, 95, 104, 77, 91, 81, 106, 103, 80, 65, 52, 49, 40, 20, 9, 46, 59, 79, 89, 70, 61, 59, 36, 20, 13, 7]

];
	
network_cost = //[Networks] 
	[16, 19, 3, 1, 3, 2, 1, 2];				//static cost per channel (change later to more realistic model)
network_lcy =
	[8, 9, 5, 2, 2, 5, 1, 0];
network_jit =
	[0, 5, 8, 4, 6, 9, 11, 6];	

network_type= //[Networks] 				//each channel has a specific type; e.g. WiFi, LTE..
	[2, 2, 1, 1, 1, 1, 1, 1];		
nClientInterfaces = //[InterfaceTypes]
	[1, 1];	

//requests: generated Sat Nov 12 17:50:47 CET 2016
nChunks = 				[375, 1485, 420, 220, 725, 1265, 660, 210];		//[Flows]		
deadline= 				[77, 86, 56, 39, 92, 78, 97, 34];		//[Flows] 
prefStartTime = 		[27, 0, 18, 27, 42, 0, 46, 21];		//[Flows]
tpMaxWindow = 			[1, 1, 1, 1, 1, 1, 1, 1];		//[Flows]	//0 says not relevant/no maximum transfer rate; upper throughput limit
tpMaxChunks = 			[100000, 100000, 11, 100000, 100000, 100000, 12, 100000]; 		//maximum of chunks in above specified time frame
tpMinWindow = 			[18, 100000, 1, 3, 26, 100000, 1, 3];		//[Flows]  //1000 says not relevant / no minimum transfer rate
tpMinChunks = 			[31, 1, 5, 1, 91, 1, 12, 1]; 		//minimum of chunks in above specified time frame; lower throughput limit
latency = 				[10, 10, 4, 10, 10, 10, 4, 10];	
jitter = 				[10, 10, 4, 10, 10, 10, 4, 10];

hysteresis = 500;
tpMinAmp = 100;
importance = [
	[7, 0, 20, 8, 7, 0, 20, 7],	//deadline
	[1, 0, 10, 9, 4, 0, 10, 7],	//start time
	[, , , , , , , ],	//throughput upper bound
	[7, 0, 50, 3, 7, 0, 50, 2],	//throughput lower bound
	[5, 1, 6, 12, 4, 2, 3, 18],	//unsched
	[0, 0, 9, 0, 0, 0, 7, 0],	//latency
	[0, 0, 8, 0, 0, 0, 8, 0]	//jitter
]; //[ImportanceTypes, Flows]

//user profiles
userImportance = [6, 1, 10, 10, 9, 1, 11, 10]; //[Flows]
costImp = 15; //former willingness to pay is now inversely proportional value: cost importance 
 
