/*********************************************
 * OPL 12.6.0.0 Data
 * Author: QZ61P8
 * Creation Date: 10.07.2014 at 08:59:12
 *********************************************/


nNetworks = 8;
nTime = 100;
nInterfaceTypes = 2;
nFlows = 8;

//channel model: generated Sat Nov 12 12:38:55 CET 2016
availChunkBuckets = //[Networks, Time]  
[
	[61, 73, 86, 72, 86, 83, 69, 79, 91, 100, 71, 74, 56, 58, 62, 78, 90, 70, 96, 79, 73, 82, 95, 90, 79, 53, 62, 80, 88, 87, 83, 83, 62, 80, 81, 90, 78, 90, 79, 89, 77, 59, 73, 59, 83, 86, 75, 83, 87, 86, 96, 84, 70, 87, 93, 111, 100, 101, 77, 102, 84, 93, 94, 75, 72, 66, 87, 87, 74, 54, 83, 75, 59, 56, 76, 57, 46, 65, 70, 64, 53, 52, 52, 48, 43, 62, 84, 80, 80, 91, 69, 45, 69, 77, 72, 78, 66, 92, 73, 77]
,
	[73, 88, 93, 97, 116, 98, 72, 81, 83, 77, 97, 85, 53, 59, 60, 50, 50, 52, 53, 66, 87, 97, 67, 85, 87, 76, 52, 95, 90, 89, 62, 71, 88, 76, 78, 86, 59, 82, 53, 58, 75, 85, 79, 75, 66, 60, 91, 89, 80, 80, 82, 90, 79, 65, 73, 49, 88, 107, 98, 89, 72, 80, 78, 52, 54, 49, 71, 79, 67, 77, 53, 75, 81, 107, 124, 91, 73, 60, 80, 98, 93, 86, 104, 78, 58, 82, 85, 73, 76, 70, 75, 103, 82, 95, 99, 104, 98, 78, 85, 82]
,
	[0, 0, 0, 0, 0, 0, 0, 0, 0, 0, 0, 0, 0, 0, 0, 0, 0, 0, 0, 0, 0, 0, 15, 20, 33, 42, 47, 46, 48, 44, 50, 40, 61, 55, 43, 34, 23, 14, 0, 0, 0, 0, 0, 0, 0, 0, 0, 0, 0, 0, 0, 0, 0, 0, 0, 0, 0, 0, 0, 0, 0, 0, 0, 0, 0, 0, 0, 0, 0, 0, 0, 0, 0, 0, 0, 0, 0, 0, 0, 0, 0, 0, 0, 0, 0, 0, 0, 0, 0, 0, 0, 0, 0, 0, 0, 0, 0, 0, 0, 0]
,
	[0, 0, 0, 0, 0, 0, 0, 0, 0, 0, 0, 0, 0, 0, 0, 0, 0, 0, 0, 0, 0, 0, 0, 0, 0, 0, 0, 0, 0, 0, 0, 11, 19, 27, 46, 50, 61, 54, 72, 65, 87, 74, 84, 55, 41, 64, 85, 81, 52, 69, 54, 61, 81, 68, 49, 42, 29, 24, 9, 0, 0, 0, 0, 0, 0, 0, 0, 0, 0, 0, 0, 0, 0, 0, 0, 0, 0, 0, 0, 0, 0, 0, 0, 0, 0, 0, 0, 0, 0, 0, 0, 0, 0, 0, 0, 0, 0, 0, 0, 0]
,
	[0, 0, 0, 0, 0, 0, 0, 0, 0, 0, 0, 0, 0, 0, 0, 0, 0, 0, 0, 0, 0, 0, 0, 0, 0, 0, 0, 0, 0, 0, 0, 0, 0, 0, 0, 0, 0, 0, 0, 0, 0, 0, 8, 17, 27, 33, 46, 50, 52, 54, 51, 47, 62, 66, 68, 63, 48, 64, 42, 54, 64, 58, 46, 26, 21, 13, 5, 0, 0, 0, 0, 0, 0, 0, 0, 0, 0, 0, 0, 0, 0, 0, 0, 0, 0, 0, 0, 0, 0, 0, 0, 0, 0, 0, 0, 0, 0, 0, 0, 0]
,
	[0, 0, 0, 0, 0, 0, 0, 0, 0, 0, 0, 0, 0, 0, 0, 0, 0, 0, 0, 0, 0, 0, 0, 0, 0, 0, 0, 0, 0, 0, 0, 0, 0, 0, 0, 0, 0, 0, 0, 0, 0, 0, 0, 0, 0, 0, 0, 0, 0, 0, 0, 13, 32, 42, 58, 61, 59, 62, 66, 67, 65, 62, 83, 71, 60, 60, 38, 28, 16, 0, 0, 0, 0, 0, 0, 0, 0, 0, 0, 0, 0, 0, 0, 0, 0, 0, 0, 0, 0, 0, 0, 0, 0, 0, 0, 0, 0, 0, 0, 0]
,
	[0, 0, 0, 0, 0, 0, 0, 0, 0, 0, 0, 0, 0, 0, 0, 0, 0, 0, 0, 0, 0, 0, 0, 0, 0, 0, 0, 0, 0, 0, 0, 0, 0, 0, 0, 0, 0, 0, 0, 0, 0, 0, 0, 0, 0, 0, 0, 0, 0, 0, 0, 0, 9, 13, 24, 29, 52, 46, 35, 58, 67, 55, 55, 45, 59, 52, 43, 59, 53, 35, 36, 38, 36, 25, 20, 14, 7, 0, 0, 0, 0, 0, 0, 0, 0, 0, 0, 0, 0, 0, 0, 0, 0, 0, 0, 0, 0, 0, 0, 0]
,
	[0, 0, 0, 0, 0, 0, 0, 0, 0, 0, 0, 0, 0, 0, 0, 0, 0, 0, 0, 0, 0, 0, 0, 0, 0, 0, 0, 0, 0, 0, 0, 0, 0, 0, 0, 0, 0, 0, 0, 0, 0, 0, 0, 0, 0, 0, 0, 0, 0, 0, 0, 0, 0, 0, 0, 0, 0, 0, 0, 0, 0, 0, 0, 0, 0, 0, 0, 0, 0, 0, 0, 6, 17, 24, 26, 41, 67, 52, 39, 37, 54, 38, 54, 78, 82, 66, 73, 69, 81, 78, 77, 70, 46, 42, 42, 29, 19, 12, 0, 0]

];
	
network_cost = //[Networks] 
	[20, 19, 2, 1, 3, 1, 2, 3];				//static cost per channel (change later to more realistic model)
network_lcy =
	[8, 9, 3, 3, 0, 4, 2, 2];
network_jit =
	[3, 8, 4, 5, 7, 7, 6, 2];	

network_type= //[Networks] 				//each channel has a specific type; e.g. WiFi, LTE..
	[2, 2, 1, 1, 1, 1, 1, 1];		
nClientInterfaces = //[InterfaceTypes]
	[1, 1];	

//requests: generated Sat Nov 12 12:38:55 CET 2016
nChunks = 				[950, 880, 300, 170, 975, 2310, 600, 95];		//[Flows]		
deadline= 				[41, 94, 62, 53, 85, 97, 65, 19];		//[Flows] 
prefStartTime = 		[8, 0, 28, 42, 35, 0, 16, 5];		//[Flows]
tpMaxWindow = 			[1, 1, 1, 1, 1, 1, 1, 1];		//[Flows]	//0 says not relevant/no maximum transfer rate; upper throughput limit
tpMaxChunks = 			[100000, 100000, 8, 100000, 100000, 100000, 12, 100000]; 		//maximum of chunks in above specified time frame
tpMinWindow = 			[18, 100000, 1, 3, 16, 100000, 1, 3];		//[Flows]  //1000 says not relevant / no minimum transfer rate
tpMinChunks = 			[126, 1, 2, 1, 76, 1, 3, 1]; 		//minimum of chunks in above specified time frame; lower throughput limit
latency = 				[10, 10, 4, 10, 10, 10, 4, 10];	
jitter = 				[10, 10, 4, 10, 10, 10, 4, 10];

hysteresis = 500;
tpMinAmp = 100;
importance = [
	[8, 0, 20, 9, 5, 0, 20, 8],	//deadline
	[1, 0, 10, 7, 2, 0, 10, 9],	//start time
	[, , , , , , , ],	//throughput upper bound
	[7, 0, 50, 3, 8, 0, 50, 2],	//throughput lower bound
	[6, 4, 4, 18, 6, 4, 3, 13],	//unsched
	[0, 0, 9, 0, 0, 0, 9, 0],	//latency
	[0, 0, 8, 0, 0, 0, 8, 0]	//jitter
]; //[ImportanceTypes, Flows]

//user profiles
userImportance = [7, 1, 8, 9, 6, 2, 10, 9]; //[Flows]
costImp = 15; //former willingness to pay is now inversely proportional value: cost importance 
 
