/*********************************************
 * OPL 12.6.0.0 Data
 * Author: QZ61P8
 * Creation Date: 10.07.2014 at 08:59:12
 *********************************************/


nNetworks = 8;
nTime = 100;
nInterfaceTypes = 2;
nFlows = 8;

//channel model: generated Tue Nov 08 18:32:47 CET 2016
availChunkBuckets = //[Networks, Time]  
[
	[90, 59, 70, 108, 77, 24, 61, 115, 63, 70, 95, 125, 97, 58, 59, 65, 65, 32, 56, 15, 88, 116, 90, 60, 92, 135, 56, 40, 117, 134, 106, 110, 112, 69, 55, 61, 80, 125, 58, 33, 29, 43, 45, 98, 81, 100, 39, 108, 88, 97, 123, 65, 31, 29, 77, 30, 57, 68, 116, 127, 78, 66, 58, 24, 90, 111, 71, 67, 65, 85, 48, 58, 49, 84, 68, 36, 59, 78, 100, 80, 93, 78, 106, 77, 110, 96, 76, 101, 137, 106, 114, 80, 95, 131, 105, 55, 103, 57, 74, 77]
,
	[23, 90, 125, 79, 102, 119, 73, 94, 132, 133, 110, 55, 117, 123, 148, 61, 15, 74, 73, 70, 120, 91, 108, 92, 73, 120, 57, 77, 133, 82, 110, 119, 97, 90, 37, 36, 92, 68, 96, 109, 69, 52, 25, 25, 38, 49, 98, 102, 48, 98, 98, 35, 16, 80, 64, 46, 32, 41, 12, 30, 61, 15, 32, 50, 42, 27, 44, 33, 79, 71, 34, 26, 37, 26, 63, 74, 48, 64, 120, 102, 93, 35, 38, 34, 36, 113, 83, 27, 91, 79, 47, 110, 119, 79, 43, 110, 148, 115, 117, 96]
,
	[0, 0, 0, 0, 0, 0, 0, 0, 0, 0, 0, 0, 0, 0, 0, 0, 0, 0, 0, 0, 0, 0, 0, 0, 11, 22, 17, 30, 19, 49, 54, 38, 31, 21, 10, 0, 0, 0, 0, 0, 0, 0, 0, 0, 0, 0, 0, 0, 0, 0, 0, 0, 0, 0, 0, 0, 0, 0, 0, 0, 0, 0, 0, 0, 0, 0, 0, 0, 0, 0, 0, 0, 0, 0, 0, 0, 0, 0, 0, 0, 0, 0, 0, 0, 0, 0, 0, 0, 0, 0, 0, 0, 0, 0, 0, 0, 0, 0, 0, 0]
,
	[0, 0, 0, 0, 0, 0, 0, 0, 0, 0, 0, 0, 0, 0, 0, 0, 0, 0, 0, 0, 0, 0, 0, 0, 0, 0, 0, 0, 0, 0, 0, 9, 13, 18, 13, 51, 55, 84, 94, 97, 78, 30, 19, 74, 49, 54, 101, 93, 61, 25, 62, 64, 89, 67, 44, 40, 13, 10, 0, 0, 0, 0, 0, 0, 0, 0, 0, 0, 0, 0, 0, 0, 0, 0, 0, 0, 0, 0, 0, 0, 0, 0, 0, 0, 0, 0, 0, 0, 0, 0, 0, 0, 0, 0, 0, 0, 0, 0, 0, 0]
,
	[0, 0, 0, 0, 0, 0, 0, 0, 0, 0, 0, 0, 0, 0, 0, 0, 0, 0, 0, 0, 0, 0, 0, 0, 0, 0, 0, 0, 0, 0, 0, 0, 0, 0, 0, 0, 0, 0, 7, 16, 18, 42, 40, 40, 72, 78, 76, 34, 59, 39, 29, 8, 9, 28, 68, 55, 82, 49, 46, 44, 35, 80, 84, 96, 70, 50, 65, 61, 31, 32, 24, 12, 0, 0, 0, 0, 0, 0, 0, 0, 0, 0, 0, 0, 0, 0, 0, 0, 0, 0, 0, 0, 0, 0, 0, 0, 0, 0, 0, 0]
,
	[0, 0, 0, 0, 0, 0, 0, 0, 0, 0, 0, 0, 0, 0, 0, 0, 0, 0, 0, 0, 0, 0, 0, 0, 0, 0, 0, 0, 0, 0, 0, 0, 0, 0, 0, 0, 0, 0, 0, 0, 0, 0, 0, 0, 0, 0, 0, 0, 0, 0, 0, 0, 13, 22, 10, 60, 40, 6, 80, 103, 115, 132, 52, 35, 19, 17, 13, 0, 0, 0, 0, 0, 0, 0, 0, 0, 0, 0, 0, 0, 0, 0, 0, 0, 0, 0, 0, 0, 0, 0, 0, 0, 0, 0, 0, 0, 0, 0, 0, 0]
,
	[0, 0, 0, 0, 0, 0, 0, 0, 0, 0, 0, 0, 0, 0, 0, 0, 0, 0, 0, 0, 0, 0, 0, 0, 0, 0, 0, 0, 0, 0, 0, 0, 0, 0, 0, 0, 0, 0, 0, 0, 0, 0, 0, 0, 0, 0, 0, 0, 0, 0, 0, 4, 14, 24, 28, 34, 28, 48, 22, 74, 53, 37, 83, 57, 38, 39, 13, 32, 54, 58, 79, 57, 53, 66, 47, 39, 32, 19, 11, 0, 0, 0, 0, 0, 0, 0, 0, 0, 0, 0, 0, 0, 0, 0, 0, 0, 0, 0, 0, 0]
,
	[0, 0, 0, 0, 0, 0, 0, 0, 0, 0, 0, 0, 0, 0, 0, 0, 0, 0, 0, 0, 0, 0, 0, 0, 0, 0, 0, 0, 0, 0, 0, 0, 0, 0, 0, 0, 0, 0, 0, 0, 0, 0, 0, 0, 0, 0, 0, 0, 0, 0, 0, 0, 0, 0, 0, 0, 0, 0, 0, 0, 0, 0, 0, 0, 0, 0, 0, 0, 0, 0, 0, 0, 0, 9, 28, 27, 28, 36, 34, 34, 58, 68, 52, 90, 80, 70, 29, 65, 94, 89, 48, 49, 27, 18, 6, 0, 0, 0, 0, 0]

];
	
network_cost = //[Networks] 
	[21, 15, 3, 3, 2, 2, 3, 1];				//static cost per channel (change later to more realistic model)
network_lcy =
	[11, 12, 4, 0, 7, 1, 2, 6];
network_jit =
	[11, 0, 14, 13, 12, 8, 9, 7];	

network_type= //[Networks] 				//each channel has a specific type; e.g. WiFi, LTE..
	[2, 2, 1, 1, 1, 1, 1, 1];		
nClientInterfaces = //[InterfaceTypes]
	[1, 1];	

//requests: generated Tue Nov 08 18:32:47 CET 2016
nChunks = 				[850, 1815, 375, 130, 400, 2145, 285, 220];		//[Flows]		
deadline= 				[85, 85, 76, 92, 64, 79, 24, 99];		//[Flows] 
prefStartTime = 		[35, 0, 49, 81, 31, 0, 7, 83];		//[Flows]
tpMaxWindow = 			[1, 1, 1, 1, 1, 1, 1, 1];		//[Flows]	//0 says not relevant/no maximum transfer rate; upper throughput limit
tpMaxChunks = 			[100000, 100000, 13, 100000, 100000, 100000, 16, 100000]; 		//maximum of chunks in above specified time frame
tpMinWindow = 			[20, 100000, 1, 3, 15, 100000, 1, 3];		//[Flows]  //1000 says not relevant / no minimum transfer rate
tpMinChunks = 			[85, 1, 4, 1, 45, 1, 8, 1]; 		//minimum of chunks in above specified time frame; lower throughput limit
latency = 				[10, 10, 4, 10, 10, 10, 4, 10];	
jitter = 				[10, 10, 4, 10, 10, 10, 4, 10];

hysteresis = 500;
tpMinAmp = 100;
importance = [
	[5, 0, 20, 7, 9, 0, 20, 8],	//deadline
	[1, 0, 10, 7, 5, 0, 10, 7],	//start time
	[, , , , , , , ],	//throughput upper bound
	[8, 0, 50, 2, 8, 0, 50, 3],	//throughput lower bound
	[4, 1, 5, 17, 5, 2, 5, 16],	//unsched
	[0, 0, 7, 0, 0, 0, 7, 0],	//latency
	[0, 0, 9, 0, 0, 0, 7, 0]	//jitter
]; //[ImportanceTypes, Flows]

//user profiles
userImportance = [7, 3, 8, 9, 8, 3, 8, 8]; //[Flows]
costImp = 15; //former willingness to pay is now inversely proportional value: cost importance 
 
