/*********************************************
 * OPL 12.6.0.0 Data
 * Author: QZ61P8
 * Creation Date: 10.07.2014 at 08:59:12
 *********************************************/


nNetworks = 8;
nTime = 100;
nInterfaceTypes = 2;
nFlows = 11;

//channel model: generated Tue Nov 15 16:24:42 CET 2016
availChunkBuckets = //[Networks, Time]  
[
	[49, 49, 49, 12, 12, 12, 12, 108, 185, 157, 114, 156, 93, 35, 100, 152, 44, 75, 80, 23, 5, 52, 52, 52, 78, 142, 79, 48, 35, 92, 132, 91, 38, 35, 51, 0, 0, 0, 0, 74, 158, 105, 3, 60, 54, 9, 40, 0, 48, 75, 25, 37, 16, 10, 68, 120, 88, 29, 62, 98, 0, 4, 79, 133, 131, 44, 38, 10, 72, 53, 149, 79, 167, 196, 181, 142, 86, 126, 135, 123, 92, 151, 173, 114, 116, 52, 32, 69, 44, 0, 0, 0, 0, 0, 0, 0, 0, 0, 0, 0]
,
	[94, 94, 94, 8, 8, 8, 8, 71, 94, 149, 137, 83, 64, 0, 0, 83, 84, 104, 119, 164, 149, 156, 187, 187, 156, 77, 75, 25, 84, 72, 100, 96, 117, 97, 80, 91, 108, 12, 0, 38, 31, 24, 6, 0, 69, 106, 3, 0, 48, 54, 115, 79, 79, 35, 58, 6, 21, 50, 10, 92, 76, 32, 0, 77, 134, 157, 150, 130, 23, 0, 12, 135, 129, 135, 146, 82, 81, 98, 53, 2, 24, 121, 116, 89, 45, 85, 138, 155, 83, 164, 164, 167, 167, 167, 167, 167, 167, 167, 167, 167]
,
	[0, 0, 0, 0, 0, 0, 0, 0, 0, 0, 0, 0, 0, 0, 0, 0, 0, 0, 9, 37, 63, 57, 135, 135, 64, 28, 7, 0, 64, 61, 63, 70, 38, 38, 73, 86, 49, 3, 0, 0, 6, 19, 13, 0, 0, 0, 0, 0, 0, 0, 0, 0, 0, 0, 0, 0, 0, 0, 0, 0, 0, 0, 0, 0, 0, 0, 0, 0, 0, 0, 0, 0, 0, 0, 0, 0, 0, 0, 0, 0, 0, 0, 0, 0, 0, 0, 0, 0, 0, 0, 0, 0, 0, 0, 0, 0, 0, 0, 0, 0]
,
	[0, 0, 0, 0, 0, 0, 0, 0, 0, 0, 0, 0, 0, 0, 0, 0, 0, 0, 0, 0, 0, 0, 0, 0, 0, 9, 18, 19, 41, 0, 21, 137, 122, 55, 106, 83, 15, 86, 56, 127, 135, 144, 74, 0, 91, 109, 33, 88, 136, 39, 60, 94, 135, 155, 179, 163, 102, 92, 47, 48, 10, 2, 0, 0, 0, 0, 0, 0, 0, 0, 0, 0, 0, 0, 0, 0, 0, 0, 0, 0, 0, 0, 0, 0, 0, 0, 0, 0, 0, 0, 0, 0, 0, 0, 0, 0, 0, 0, 0, 0]
,
	[0, 0, 0, 0, 0, 0, 0, 0, 0, 0, 0, 0, 0, 0, 0, 0, 0, 0, 0, 0, 0, 0, 0, 0, 0, 0, 0, 0, 0, 0, 0, 0, 0, 0, 0, 0, 0, 0, 0, 0, 0, 0, 0, 7, 12, 21, 12, 34, 49, 35, 40, 41, 105, 142, 158, 119, 69, 87, 57, 22, 17, 29, 0, 0, 0, 0, 0, 0, 0, 0, 0, 0, 0, 0, 0, 0, 0, 0, 0, 0, 0, 0, 0, 0, 0, 0, 0, 0, 0, 0, 0, 0, 0, 0, 0, 0, 0, 0, 0, 0]
,
	[0, 0, 0, 0, 0, 0, 0, 0, 0, 0, 0, 0, 0, 0, 0, 0, 0, 0, 0, 0, 0, 0, 0, 0, 0, 0, 0, 0, 0, 0, 0, 0, 0, 0, 0, 0, 0, 0, 0, 0, 0, 0, 0, 0, 0, 0, 0, 0, 0, 0, 0, 0, 20, 43, 19, 70, 98, 61, 121, 99, 51, 49, 0, 0, 0, 0, 0, 0, 0, 0, 0, 0, 0, 0, 0, 0, 0, 0, 0, 0, 0, 0, 0, 0, 0, 0, 0, 0, 0, 0, 0, 0, 0, 0, 0, 0, 0, 0, 0, 0]
,
	[0, 0, 0, 0, 0, 0, 0, 0, 0, 0, 0, 0, 0, 0, 0, 0, 0, 0, 0, 0, 0, 0, 0, 0, 0, 0, 0, 0, 0, 0, 0, 0, 0, 0, 0, 0, 0, 0, 0, 0, 0, 0, 0, 0, 0, 0, 0, 1, 21, 31, 41, 31, 0, 3, 55, 30, 85, 51, 49, 61, 54, 75, 76, 107, 130, 107, 60, 50, 0, 31, 11, 0, 2, 1, 0, 0, 0, 0, 0, 0, 0, 0, 0, 0, 0, 0, 0, 0, 0, 0, 0, 0, 0, 0, 0, 0, 0, 0, 0, 0]
,
	[0, 0, 0, 0, 0, 0, 0, 0, 0, 0, 0, 0, 0, 0, 0, 0, 0, 0, 0, 0, 0, 0, 0, 0, 0, 0, 0, 0, 0, 0, 0, 0, 0, 0, 0, 0, 0, 0, 0, 0, 0, 0, 0, 0, 0, 0, 0, 0, 0, 0, 0, 0, 0, 0, 0, 0, 0, 0, 0, 0, 0, 0, 0, 0, 0, 0, 0, 9, 40, 7, 56, 0, 64, 55, 36, 18, 45, 91, 142, 115, 146, 173, 58, 43, 32, 44, 38, 22, 0, 0, 0, 0, 0, 0, 0, 0, 0, 0, 0, 0]

];
	
network_cost = //[Networks] 
	[16, 20, 3, 2, 2, 2, 3, 2];				//static cost per channel (change later to more realistic model)
network_lcy =
	[6, 13, 0, 2, 1, 0, 1, 0];
network_jit =
	[0, 2, 2, 5, 5, 5, 6, 15];	

network_type= //[Networks] 				//each channel has a specific type; e.g. WiFi, LTE..
	[2, 2, 1, 1, 1, 1, 1, 1];		
nClientInterfaces = //[InterfaceTypes]
	[1, 1];	

//requests: generated Tue Nov 15 16:24:42 CET 2016
nChunks = 				[1000, 1675, 330, 111, 475, 907, 230, 190, 375, 175, 10];		//[Flows]		
deadline= 				[77, 70, 89, 23, 77, 25, 89, 80, 48, 99, 99];		//[Flows] 
prefStartTime = 		[27, 0, 48, 15, 27, 0, 17, 67, 15, 88, 97];		//[Flows]
tpMaxWindow = 			[1, 1, 1, 1, 1, 1, 1, 1, 1, 1, 1];		//[Flows]	//0 says not relevant/no maximum transfer rate; upper throughput limit
tpMaxChunks = 			[100000, 100000, 8, 100000, 100000, 100000, 3, 100000, 100000, 100000, 3]; 		//maximum of chunks in above specified time frame
tpMinWindow = 			[17, 100000, 1, 3, 18, 100000, 1, 3, 16, 3, 1];		//[Flows]  //1000 says not relevant / no minimum transfer rate
tpMinChunks = 			[85, 1, 2, 1, 40, 1, 1, 1, 44, 1, 1]; 		//minimum of chunks in above specified time frame; lower throughput limit
latency = 				[10, 10, 4, 10, 10, 10, 4, 10, 10, 10, 4];	
jitter = 				[10, 10, 4, 10, 10, 10, 4, 10, 10, 10, 4];

hysteresis = 500;
tpMinAmp = 100;
importance = [
	[6, 0, 20, 9, 6, 0, 20, 8, 9, 7, 20],	//deadline
	[5, 0, 10, 8, 3, 0, 10, 8, 2, 9, 10],	//start time
	[, , , , , , , , , , ],	//throughput upper bound
	[6, 0, 50, 3, 8, 0, 50, 4, 6, 3, 50],	//throughput lower bound
	[6, 4, 6, 17, 6, 3, 5, 17, 5, 16, 5],	//unsched
	[0, 0, 8, 0, 0, 0, 7, 0, 0, 0, 7],	//latency
	[0, 0, 7, 0, 0, 0, 8, 0, 0, 0, 8]	//jitter
]; //[ImportanceTypes, Flows]

//user profiles
userImportance = [5, 3, 8, 9, 9, 1, 8, 9, 8, 9, 8]; //[Flows]
costImp = 15; //former willingness to pay is now inversely proportional value: cost importance 
 
