/*********************************************
 * OPL 12.6.0.0 Data
 * Author: QZ61P8
 * Creation Date: 10.07.2014 at 08:59:12
 *********************************************/


nNetworks = 8;
nTime = 100;
nInterfaceTypes = 2;
nFlows = 10;

//channel model: generated Tue Nov 15 18:39:36 CET 2016
availChunkBuckets = //[Networks, Time]  
[
	[96, 150, 118, 161, 64, 72, 76, 85, 44, 7, 81, 23, 74, 49, 69, 119, 109, 72, 89, 111, 52, 42, 128, 78, 29, 123, 116, 69, 86, 117, 66, 25, 120, 120, 158, 123, 130, 116, 93, 138, 141, 72, 56, 8, 41, 114, 142, 49, 99, 94, 97, 67, 22, 9, 15, 107, 72, 47, 48, 38, 38, 52, 52, 88, 88, 27, 27, 27, 71, 71, 39, 67, 33, 102, 102, 106, 97, 88, 39, 23, 107, 35, 48, 126, 143, 130, 99, 58, 82, 118, 104, 68, 106, 53, 22, 24, 24, 24, 24, 24]
,
	[33, 5, 0, 20, 123, 47, 68, 123, 99, 30, 50, 82, 75, 144, 160, 173, 177, 127, 45, 132, 96, 42, 55, 71, 41, 102, 140, 88, 116, 125, 102, 118, 42, 42, 37, 88, 36, 25, 114, 130, 52, 80, 101, 104, 96, 64, 106, 73, 101, 38, 124, 64, 137, 93, 121, 124, 92, 109, 120, 145, 145, 146, 146, 52, 52, 34, 34, 34, 98, 98, 78, 145, 85, 121, 121, 71, 39, 85, 128, 110, 115, 51, 52, 0, 10, 25, 110, 114, 159, 33, 70, 63, 107, 50, 68, 37, 37, 37, 37, 37]
,
	[0, 0, 0, 0, 0, 0, 0, 0, 0, 0, 0, 0, 0, 0, 0, 0, 0, 0, 0, 9, 30, 15, 55, 97, 96, 49, 22, 13, 33, 59, 46, 42, 13, 13, 0, 0, 0, 0, 0, 0, 0, 0, 0, 0, 0, 0, 0, 0, 0, 0, 0, 0, 0, 0, 0, 0, 0, 0, 0, 0, 0, 0, 0, 0, 0, 0, 0, 0, 0, 0, 0, 0, 0, 0, 0, 0, 0, 0, 0, 0, 0, 0, 0, 0, 0, 0, 0, 0, 0, 0, 0, 0, 0, 0, 0, 0, 0, 0, 0, 0]
,
	[0, 0, 0, 0, 0, 0, 0, 0, 0, 0, 0, 0, 0, 0, 0, 0, 0, 0, 0, 0, 0, 0, 0, 6, 17, 21, 45, 46, 25, 83, 110, 132, 68, 68, 108, 96, 113, 130, 103, 84, 37, 50, 22, 29, 56, 52, 75, 88, 51, 83, 86, 47, 31, 13, 0, 0, 0, 0, 0, 0, 0, 0, 0, 0, 0, 0, 0, 0, 0, 0, 0, 0, 0, 0, 0, 0, 0, 0, 0, 0, 0, 0, 0, 0, 0, 0, 0, 0, 0, 0, 0, 0, 0, 0, 0, 0, 0, 0, 0, 0]
,
	[0, 0, 0, 0, 0, 0, 0, 0, 0, 0, 0, 0, 0, 0, 0, 0, 0, 0, 0, 0, 0, 0, 0, 0, 0, 0, 0, 0, 0, 0, 0, 0, 4, 4, 5, 27, 52, 44, 63, 56, 46, 27, 10, 0, 56, 32, 28, 15, 29, 52, 49, 37, 37, 54, 87, 51, 60, 47, 36, 14, 14, 46, 46, 26, 26, 23, 23, 23, 18, 18, 4, 0, 0, 0, 0, 0, 0, 0, 0, 0, 0, 0, 0, 0, 0, 0, 0, 0, 0, 0, 0, 0, 0, 0, 0, 0, 0, 0, 0, 0]
,
	[0, 0, 0, 0, 0, 0, 0, 0, 0, 0, 0, 0, 0, 0, 0, 0, 0, 0, 0, 0, 0, 0, 0, 0, 0, 0, 0, 0, 0, 0, 0, 0, 0, 0, 0, 0, 0, 0, 0, 0, 0, 0, 0, 0, 0, 17, 31, 48, 43, 28, 82, 120, 83, 57, 27, 33, 66, 60, 82, 64, 64, 26, 26, 27, 27, 22, 22, 22, 0, 0, 0, 0, 0, 0, 0, 0, 0, 0, 0, 0, 0, 0, 0, 0, 0, 0, 0, 0, 0, 0, 0, 0, 0, 0, 0, 0, 0, 0, 0, 0]
,
	[0, 0, 0, 0, 0, 0, 0, 0, 0, 0, 0, 0, 0, 0, 0, 0, 0, 0, 0, 0, 0, 0, 0, 0, 0, 0, 0, 0, 0, 0, 0, 0, 0, 0, 0, 0, 0, 0, 0, 0, 0, 0, 0, 0, 0, 10, 14, 22, 40, 61, 38, 30, 46, 101, 105, 63, 76, 69, 62, 47, 47, 4, 4, 55, 55, 63, 63, 63, 91, 91, 86, 34, 26, 28, 28, 8, 0, 0, 0, 0, 0, 0, 0, 0, 0, 0, 0, 0, 0, 0, 0, 0, 0, 0, 0, 0, 0, 0, 0, 0]
,
	[0, 0, 0, 0, 0, 0, 0, 0, 0, 0, 0, 0, 0, 0, 0, 0, 0, 0, 0, 0, 0, 0, 0, 0, 0, 0, 0, 0, 0, 0, 0, 0, 0, 0, 0, 0, 0, 0, 0, 0, 0, 0, 0, 0, 0, 0, 0, 0, 0, 0, 0, 0, 0, 0, 0, 0, 0, 0, 0, 0, 0, 9, 9, 25, 25, 44, 44, 44, 46, 46, 52, 66, 101, 49, 49, 23, 0, 0, 0, 20, 19, 55, 68, 64, 53, 66, 127, 134, 104, 30, 0, 21, 72, 82, 81, 53, 53, 53, 53, 53]

];
	
network_cost = //[Networks] 
	[20, 17, 1, 1, 1, 3, 2, 2];				//static cost per channel (change later to more realistic model)
network_lcy =
	[10, 9, 0, 8, 1, 5, 0, 1];
network_jit =
	[3, 6, 7, 8, 9, 2, 8, 10];	

network_type= //[Networks] 				//each channel has a specific type; e.g. WiFi, LTE..
	[2, 2, 1, 1, 1, 1, 1, 1];		
nClientInterfaces = //[InterfaceTypes]
	[1, 1];	

//requests: generated Tue Nov 15 18:39:36 CET 2016
nChunks = 				[800, 2035, 540, 135, 675, 2200, 0, 50, 75, 100];		//[Flows]		
deadline= 				[61, 85, 87, 58, 66, 54, 54, 32, 69, 99];		//[Flows] 
prefStartTime = 		[11, 0, 49, 44, 33, 0, 0, 31, 47, 59];		//[Flows]
tpMaxWindow = 			[1, 1, 1, 1, 1, 1, 1, 1, 1, 1];		//[Flows]	//0 says not relevant/no maximum transfer rate; upper throughput limit
tpMaxChunks = 			[100000, 100000, 14, 100000, 100000, 100000, 8, 100000, 100000, 100000]; 		//maximum of chunks in above specified time frame
tpMinWindow = 			[18, 100000, 1, 3, 15, 100000, 1, 3, 3, 3];		//[Flows]  //1000 says not relevant / no minimum transfer rate
tpMinChunks = 			[72, 1, 14, 1, 75, 1, 8, 1, 1, 1]; 		//minimum of chunks in above specified time frame; lower throughput limit
latency = 				[10, 10, 4, 10, 10, 10, 4, 10, 10, 10];	
jitter = 				[10, 10, 4, 10, 10, 10, 4, 10, 10, 10];

hysteresis = 500;
tpMinAmp = 100;
importance = [
	[5, 0, 20, 8, 5, 0, 20, 7, 7, 7],	//deadline
	[3, 0, 10, 7, 3, 0, 10, 9, 7, 9],	//start time
	[, , , , , , , , , ],	//throughput upper bound
	[7, 0, 50, 2, 6, 0, 50, 4, 3, 4],	//throughput lower bound
	[6, 1, 3, 16, 5, 4, 6, 12, 15, 12],	//unsched
	[0, 0, 9, 0, 0, 0, 7, 0, 0, 0],	//latency
	[0, 0, 7, 0, 0, 0, 8, 0, 0, 0]	//jitter
]; //[ImportanceTypes, Flows]

//user profiles
userImportance = [5, 1, 10, 7, 6, 3, 10, 10, 6, 10]; //[Flows]
costImp = 15; //former willingness to pay is now inversely proportional value: cost importance 
 
