/*********************************************
 * OPL 12.6.0.0 Data
 * Author: QZ61P8
 * Creation Date: 10.07.2014 at 08:59:12
 *********************************************/


nNetworks = 8;
nTime = 100;
nInterfaceTypes = 2;
nFlows = 9;

//channel model: generated Thu Nov 17 16:24:59 CET 2016
availChunkBuckets = //[Networks, Time]  
[
	[87, 83, 82, 102, 98, 78, 75, 90, 85, 93, 98, 77, 57, 88, 75, 85, 85, 102, 91, 75, 61, 56, 66, 66, 58, 76, 81, 85, 67, 54, 68, 68, 87, 71, 63, 65, 65, 55, 86, 92, 84, 95, 95, 87, 71, 85, 61, 54, 48, 82, 98, 93, 68, 80, 66, 53, 67, 87, 64, 78, 70, 62, 62, 58, 84, 85, 64, 69, 82, 82, 82, 92, 99, 100, 69, 62, 53, 64, 73, 53, 68, 74, 82, 79, 90, 86, 82, 76, 83, 81, 91, 91, 81, 82, 80, 76, 74, 72, 72, 72]
,
	[84, 80, 83, 84, 63, 64, 54, 83, 64, 60, 70, 63, 72, 85, 74, 69, 69, 73, 95, 92, 107, 78, 59, 59, 72, 69, 70, 69, 80, 91, 96, 96, 82, 69, 72, 69, 69, 60, 55, 87, 98, 67, 67, 70, 83, 100, 96, 78, 93, 89, 66, 74, 74, 77, 80, 83, 65, 76, 61, 58, 99, 94, 75, 89, 70, 89, 92, 77, 77, 88, 76, 84, 78, 84, 95, 110, 82, 67, 84, 68, 81, 61, 79, 84, 80, 101, 94, 73, 90, 70, 89, 92, 110, 99, 86, 98, 76, 85, 85, 85]
,
	[0, 0, 0, 0, 0, 0, 0, 0, 0, 0, 0, 0, 0, 0, 0, 0, 0, 0, 0, 0, 12, 27, 38, 38, 55, 68, 65, 61, 44, 52, 56, 56, 51, 47, 43, 47, 47, 45, 58, 58, 40, 25, 25, 13, 0, 0, 0, 0, 0, 0, 0, 0, 0, 0, 0, 0, 0, 0, 0, 0, 0, 0, 0, 0, 0, 0, 0, 0, 0, 0, 0, 0, 0, 0, 0, 0, 0, 0, 0, 0, 0, 0, 0, 0, 0, 0, 0, 0, 0, 0, 0, 0, 0, 0, 0, 0, 0, 0, 0, 0]
,
	[0, 0, 0, 0, 0, 0, 0, 0, 0, 0, 0, 0, 0, 0, 0, 0, 0, 0, 0, 0, 0, 0, 0, 0, 0, 0, 0, 0, 0, 0, 0, 0, 0, 9, 19, 28, 28, 45, 46, 41, 58, 77, 77, 68, 57, 63, 52, 54, 65, 70, 77, 69, 64, 47, 56, 79, 65, 58, 43, 27, 10, 0, 0, 0, 0, 0, 0, 0, 0, 0, 0, 0, 0, 0, 0, 0, 0, 0, 0, 0, 0, 0, 0, 0, 0, 0, 0, 0, 0, 0, 0, 0, 0, 0, 0, 0, 0, 0, 0, 0]
,
	[0, 0, 0, 0, 0, 0, 0, 0, 0, 0, 0, 0, 0, 0, 0, 0, 0, 0, 0, 0, 0, 0, 0, 0, 0, 0, 0, 0, 0, 0, 0, 0, 0, 0, 0, 0, 0, 0, 0, 0, 0, 0, 0, 0, 7, 19, 20, 30, 40, 44, 61, 43, 42, 33, 50, 53, 49, 44, 52, 47, 46, 67, 73, 59, 63, 42, 37, 27, 24, 13, 6, 0, 0, 0, 0, 0, 0, 0, 0, 0, 0, 0, 0, 0, 0, 0, 0, 0, 0, 0, 0, 0, 0, 0, 0, 0, 0, 0, 0, 0]
,
	[0, 0, 0, 0, 0, 0, 0, 0, 0, 0, 0, 0, 0, 0, 0, 0, 0, 0, 0, 0, 0, 0, 0, 0, 0, 0, 0, 0, 0, 0, 0, 0, 0, 0, 0, 0, 0, 0, 0, 0, 0, 0, 0, 0, 0, 0, 0, 0, 0, 0, 0, 0, 0, 0, 12, 26, 34, 52, 76, 65, 75, 68, 67, 52, 66, 70, 46, 35, 26, 13, 0, 0, 0, 0, 0, 0, 0, 0, 0, 0, 0, 0, 0, 0, 0, 0, 0, 0, 0, 0, 0, 0, 0, 0, 0, 0, 0, 0, 0, 0]
,
	[0, 0, 0, 0, 0, 0, 0, 0, 0, 0, 0, 0, 0, 0, 0, 0, 0, 0, 0, 0, 0, 0, 0, 0, 0, 0, 0, 0, 0, 0, 0, 0, 0, 0, 0, 0, 0, 0, 0, 0, 0, 0, 0, 0, 0, 0, 0, 0, 0, 0, 0, 0, 0, 0, 7, 15, 26, 31, 41, 43, 44, 37, 34, 44, 63, 58, 47, 50, 44, 58, 63, 65, 60, 48, 33, 30, 20, 17, 8, 0, 0, 0, 0, 0, 0, 0, 0, 0, 0, 0, 0, 0, 0, 0, 0, 0, 0, 0, 0, 0]
,
	[0, 0, 0, 0, 0, 0, 0, 0, 0, 0, 0, 0, 0, 0, 0, 0, 0, 0, 0, 0, 0, 0, 0, 0, 0, 0, 0, 0, 0, 0, 0, 0, 0, 0, 0, 0, 0, 0, 0, 0, 0, 0, 0, 0, 0, 0, 0, 0, 0, 0, 0, 0, 0, 0, 0, 0, 0, 0, 0, 0, 0, 0, 0, 0, 0, 0, 0, 0, 0, 0, 0, 0, 0, 16, 29, 28, 40, 55, 62, 67, 82, 84, 62, 68, 71, 76, 85, 63, 64, 67, 63, 45, 23, 20, 9, 0, 0, 0, 0, 0]

];
	
network_cost = //[Networks] 
	[17, 24, 2, 2, 1, 2, 2, 2];				//static cost per channel (change later to more realistic model)
network_lcy =
	[6, 11, 0, 2, 2, 3, 4, 0];
network_jit =
	[7, 3, 8, 5, 7, 7, 5, 5];	

network_type= //[Networks] 				//each channel has a specific type; e.g. WiFi, LTE..
	[2, 2, 1, 1, 1, 1, 1, 1];		
nClientInterfaces = //[InterfaceTypes]
	[1, 1];	

//requests: generated Thu Nov 17 16:24:59 CET 2016
nChunks = 				[425, 791, 525, 66, 625, 2200, 465, 95, 0];		//[Flows]		
deadline= 				[54, 38, 23, 34, 98, 92, 66, 25, 35];		//[Flows] 
prefStartTime = 		[21, 0, 7, 16, 65, 0, 38, 9, 20];		//[Flows]
tpMaxWindow = 			[1, 1, 1, 1, 1, 1, 1, 1, 1];		//[Flows]	//0 says not relevant/no maximum transfer rate; upper throughput limit
tpMaxChunks = 			[100000, 100000, 32, 100000, 100000, 100000, 16, 100000, 17]; 		//maximum of chunks in above specified time frame
tpMinWindow = 			[21, 100000, 1, 3, 14, 100000, 1, 3, 1];		//[Flows]  //1000 says not relevant / no minimum transfer rate
tpMinChunks = 			[63, 1, 10, 1, 63, 1, 5, 1, 8]; 		//minimum of chunks in above specified time frame; lower throughput limit
latency = 				[10, 10, 4, 10, 10, 10, 4, 10, 4];	
jitter = 				[10, 10, 4, 10, 10, 10, 4, 10, 4];

hysteresis = 500;
tpMinAmp = 100;
importance = [
	[9, 0, 20, 8, 9, 0, 20, 7, 20],	//deadline
	[5, 0, 10, 8, 5, 0, 10, 8, 10],	//start time
	[, , , , , , , , ],	//throughput upper bound
	[6, 0, 50, 3, 6, 0, 50, 2, 50],	//throughput lower bound
	[6, 1, 3, 18, 5, 2, 5, 16, 6],	//unsched
	[0, 0, 8, 0, 0, 0, 7, 0, 8],	//latency
	[0, 0, 7, 0, 0, 0, 9, 0, 8]	//jitter
]; //[ImportanceTypes, Flows]

//user profiles
userImportance = [8, 2, 11, 9, 7, 2, 9, 8, 8]; //[Flows]
costImp = 15; //former willingness to pay is now inversely proportional value: cost importance 
 
