/*********************************************
 * OPL 12.6.0.0 Data
 * Author: QZ61P8
 * Creation Date: 10.07.2014 at 08:59:12
 *********************************************/


nNetworks = 8;
nTime = 100;
nInterfaceTypes = 2;
nFlows = 8;

//channel model: generated Sat Nov 12 16:00:44 CET 2016
availChunkBuckets = //[Networks, Time]  
[
	[60, 55, 75, 94, 115, 80, 67, 117, 138, 149, 84, 36, 55, 68, 86, 125, 125, 99, 89, 42, 65, 64, 57, 87, 41, 96, 56, 38, 59, 76, 76, 88, 88, 83, 105, 58, 105, 127, 151, 82, 90, 38, 37, 42, 63, 80, 73, 51, 89, 53, 59, 43, 78, 63, 72, 83, 76, 122, 114, 108, 104, 114, 98, 90, 83, 118, 78, 104, 131, 89, 45, 90, 102, 70, 99, 64, 56, 75, 79, 43, 88, 132, 125, 77, 51, 44, 76, 39, 35, 84, 86, 84, 94, 94, 45, 41, 38, 72, 80, 87]
,
	[106, 77, 77, 45, 44, 83, 70, 109, 110, 95, 50, 76, 117, 80, 128, 97, 76, 110, 94, 97, 55, 32, 38, 70, 62, 76, 104, 83, 83, 82, 77, 95, 97, 66, 93, 73, 67, 87, 83, 111, 92, 80, 96, 70, 115, 66, 78, 96, 95, 104, 81, 69, 99, 79, 74, 59, 37, 99, 77, 62, 45, 70, 38, 55, 71, 87, 102, 55, 93, 77, 70, 81, 99, 94, 60, 100, 51, 56, 35, 23, 94, 126, 89, 80, 93, 94, 48, 32, 90, 76, 63, 34, 27, 50, 37, 61, 46, 47, 86, 46]
,
	[0, 0, 0, 0, 0, 0, 0, 0, 0, 0, 0, 0, 0, 0, 0, 0, 0, 0, 14, 25, 30, 65, 72, 70, 63, 41, 61, 59, 77, 81, 77, 36, 56, 64, 92, 101, 51, 63, 75, 38, 21, 29, 20, 0, 0, 0, 0, 0, 0, 0, 0, 0, 0, 0, 0, 0, 0, 0, 0, 0, 0, 0, 0, 0, 0, 0, 0, 0, 0, 0, 0, 0, 0, 0, 0, 0, 0, 0, 0, 0, 0, 0, 0, 0, 0, 0, 0, 0, 0, 0, 0, 0, 0, 0, 0, 0, 0, 0, 0, 0]
,
	[0, 0, 0, 0, 0, 0, 0, 0, 0, 0, 0, 0, 0, 0, 0, 0, 0, 0, 0, 0, 0, 0, 0, 0, 0, 0, 0, 0, 0, 0, 0, 0, 10, 14, 22, 43, 36, 68, 78, 62, 45, 40, 56, 56, 71, 78, 59, 34, 33, 86, 83, 77, 61, 45, 31, 26, 16, 0, 0, 0, 0, 0, 0, 0, 0, 0, 0, 0, 0, 0, 0, 0, 0, 0, 0, 0, 0, 0, 0, 0, 0, 0, 0, 0, 0, 0, 0, 0, 0, 0, 0, 0, 0, 0, 0, 0, 0, 0, 0, 0]
,
	[0, 0, 0, 0, 0, 0, 0, 0, 0, 0, 0, 0, 0, 0, 0, 0, 0, 0, 0, 0, 0, 0, 0, 0, 0, 0, 0, 0, 0, 0, 0, 0, 0, 0, 0, 0, 0, 0, 0, 0, 7, 13, 19, 37, 40, 28, 53, 60, 72, 56, 77, 47, 69, 76, 75, 74, 79, 59, 34, 25, 34, 66, 35, 68, 52, 25, 33, 23, 7, 7, 0, 0, 0, 0, 0, 0, 0, 0, 0, 0, 0, 0, 0, 0, 0, 0, 0, 0, 0, 0, 0, 0, 0, 0, 0, 0, 0, 0, 0, 0]
,
	[0, 0, 0, 0, 0, 0, 0, 0, 0, 0, 0, 0, 0, 0, 0, 0, 0, 0, 0, 0, 0, 0, 0, 0, 0, 0, 0, 0, 0, 0, 0, 0, 0, 0, 0, 0, 0, 0, 0, 0, 0, 0, 0, 0, 0, 0, 0, 0, 0, 0, 0, 13, 26, 52, 45, 81, 61, 51, 65, 66, 82, 93, 88, 73, 41, 23, 28, 13, 0, 0, 0, 0, 0, 0, 0, 0, 0, 0, 0, 0, 0, 0, 0, 0, 0, 0, 0, 0, 0, 0, 0, 0, 0, 0, 0, 0, 0, 0, 0, 0]
,
	[0, 0, 0, 0, 0, 0, 0, 0, 0, 0, 0, 0, 0, 0, 0, 0, 0, 0, 0, 0, 0, 0, 0, 0, 0, 0, 0, 0, 0, 0, 0, 0, 0, 0, 0, 0, 0, 0, 0, 0, 0, 0, 0, 0, 0, 0, 0, 0, 0, 0, 0, 10, 23, 18, 20, 41, 66, 74, 65, 56, 67, 61, 71, 66, 61, 56, 72, 44, 66, 41, 41, 45, 39, 32, 19, 16, 10, 5, 0, 0, 0, 0, 0, 0, 0, 0, 0, 0, 0, 0, 0, 0, 0, 0, 0, 0, 0, 0, 0, 0]
,
	[0, 0, 0, 0, 0, 0, 0, 0, 0, 0, 0, 0, 0, 0, 0, 0, 0, 0, 0, 0, 0, 0, 0, 0, 0, 0, 0, 0, 0, 0, 0, 0, 0, 0, 0, 0, 0, 0, 0, 0, 0, 0, 0, 0, 0, 0, 0, 0, 0, 0, 0, 0, 0, 0, 0, 0, 0, 0, 0, 0, 0, 0, 0, 0, 0, 0, 0, 0, 0, 0, 0, 0, 10, 17, 22, 39, 69, 82, 83, 90, 87, 86, 112, 73, 35, 28, 53, 95, 65, 60, 71, 49, 20, 18, 16, 8, 0, 0, 0, 0]

];
	
network_cost = //[Networks] 
	[20, 16, 1, 1, 2, 1, 2, 2];				//static cost per channel (change later to more realistic model)
network_lcy =
	[12, 3, 0, 6, 2, 1, 4, 5];
network_jit =
	[10, 6, 1, 10, 11, 10, 5, 3];	

network_type= //[Networks] 				//each channel has a specific type; e.g. WiFi, LTE..
	[2, 2, 1, 1, 1, 1, 1, 1];		
nClientInterfaces = //[InterfaceTypes]
	[1, 1];	

//requests: generated Sat Nov 12 16:00:44 CET 2016
nChunks = 				[650, 1045, 585, 220, 1050, 1540, 390, 145];		//[Flows]		
deadline= 				[80, 50, 36, 99, 95, 63, 97, 63];		//[Flows] 
prefStartTime = 		[47, 0, 12, 81, 45, 0, 49, 56];		//[Flows]
tpMaxWindow = 			[1, 1, 1, 1, 1, 1, 1, 1];		//[Flows]	//0 says not relevant/no maximum transfer rate; upper throughput limit
tpMaxChunks = 			[100000, 100000, 24, 100000, 100000, 100000, 8, 100000]; 		//maximum of chunks in above specified time frame
tpMinWindow = 			[14, 100000, 1, 3, 17, 100000, 1, 3];		//[Flows]  //1000 says not relevant / no minimum transfer rate
tpMinChunks = 			[66, 1, 24, 1, 89, 1, 2, 1]; 		//minimum of chunks in above specified time frame; lower throughput limit
latency = 				[10, 10, 4, 10, 10, 10, 4, 10];	
jitter = 				[10, 10, 4, 10, 10, 10, 4, 10];

hysteresis = 500;
tpMinAmp = 100;
importance = [
	[6, 0, 20, 9, 9, 0, 20, 8],	//deadline
	[3, 0, 10, 7, 5, 0, 10, 9],	//start time
	[, , , , , , , ],	//throughput upper bound
	[6, 0, 50, 3, 7, 0, 50, 4],	//throughput lower bound
	[6, 1, 5, 16, 6, 2, 5, 14],	//unsched
	[0, 0, 9, 0, 0, 0, 8, 0],	//latency
	[0, 0, 8, 0, 0, 0, 8, 0]	//jitter
]; //[ImportanceTypes, Flows]

//user profiles
userImportance = [5, 3, 8, 6, 6, 2, 10, 10]; //[Flows]
costImp = 15; //former willingness to pay is now inversely proportional value: cost importance 
 
