/*********************************************
 * OPL 12.6.0.0 Data
 * Author: QZ61P8
 * Creation Date: 10.07.2014 at 08:59:12
 *********************************************/


nNetworks = 8;
nTime = 100;
nInterfaceTypes = 2;
nFlows = 8;

//channel model: generated Sat Nov 12 11:32:37 CET 2016
availChunkBuckets = //[Networks, Time]  
[
	[84, 85, 64, 73, 88, 84, 88, 62, 60, 93, 91, 93, 81, 90, 88, 74, 83, 64, 78, 68, 52, 62, 77, 83, 73, 95, 74, 102, 100, 78, 89, 61, 86, 79, 68, 80, 67, 60, 66, 95, 95, 105, 96, 92, 92, 86, 93, 85, 101, 108, 113, 103, 73, 73, 81, 59, 78, 60, 80, 83, 82, 93, 61, 57, 83, 81, 89, 83, 105, 98, 85, 92, 78, 66, 81, 63, 63, 72, 92, 92, 63, 53, 70, 59, 76, 84, 62, 96, 75, 80, 58, 67, 76, 56, 74, 80, 103, 77, 91, 71]
,
	[95, 104, 76, 93, 86, 82, 71, 67, 59, 57, 52, 66, 65, 76, 81, 66, 60, 45, 66, 73, 67, 60, 62, 80, 83, 91, 80, 93, 89, 104, 107, 117, 97, 90, 85, 75, 72, 52, 54, 90, 74, 70, 67, 73, 86, 95, 67, 77, 88, 73, 70, 91, 67, 84, 93, 101, 104, 100, 88, 85, 75, 75, 71, 70, 91, 70, 68, 58, 77, 68, 79, 54, 80, 81, 80, 67, 63, 86, 90, 97, 94, 68, 83, 76, 97, 92, 107, 69, 69, 57, 55, 62, 52, 67, 76, 56, 75, 80, 64, 85]
,
	[0, 0, 0, 0, 0, 0, 0, 0, 0, 0, 0, 0, 0, 0, 0, 0, 0, 0, 0, 0, 0, 11, 23, 33, 41, 58, 42, 56, 73, 76, 75, 67, 68, 51, 53, 43, 32, 22, 11, 0, 0, 0, 0, 0, 0, 0, 0, 0, 0, 0, 0, 0, 0, 0, 0, 0, 0, 0, 0, 0, 0, 0, 0, 0, 0, 0, 0, 0, 0, 0, 0, 0, 0, 0, 0, 0, 0, 0, 0, 0, 0, 0, 0, 0, 0, 0, 0, 0, 0, 0, 0, 0, 0, 0, 0, 0, 0, 0, 0, 0]
,
	[0, 0, 0, 0, 0, 0, 0, 0, 0, 0, 0, 0, 0, 0, 0, 0, 0, 0, 0, 0, 0, 0, 0, 0, 0, 0, 0, 0, 0, 0, 0, 9, 15, 21, 34, 37, 47, 65, 77, 64, 72, 61, 64, 52, 47, 63, 74, 59, 62, 83, 80, 49, 41, 42, 30, 21, 12, 0, 0, 0, 0, 0, 0, 0, 0, 0, 0, 0, 0, 0, 0, 0, 0, 0, 0, 0, 0, 0, 0, 0, 0, 0, 0, 0, 0, 0, 0, 0, 0, 0, 0, 0, 0, 0, 0, 0, 0, 0, 0, 0]
,
	[0, 0, 0, 0, 0, 0, 0, 0, 0, 0, 0, 0, 0, 0, 0, 0, 0, 0, 0, 0, 0, 0, 0, 0, 0, 0, 0, 0, 0, 0, 0, 0, 0, 0, 0, 0, 0, 0, 0, 0, 0, 7, 15, 19, 29, 41, 53, 57, 47, 62, 48, 39, 47, 55, 66, 49, 68, 69, 72, 75, 66, 54, 65, 47, 27, 31, 28, 19, 7, 0, 0, 0, 0, 0, 0, 0, 0, 0, 0, 0, 0, 0, 0, 0, 0, 0, 0, 0, 0, 0, 0, 0, 0, 0, 0, 0, 0, 0, 0, 0]
,
	[0, 0, 0, 0, 0, 0, 0, 0, 0, 0, 0, 0, 0, 0, 0, 0, 0, 0, 0, 0, 0, 0, 0, 0, 0, 0, 0, 0, 0, 0, 0, 0, 0, 0, 0, 0, 0, 0, 0, 0, 0, 0, 0, 0, 0, 0, 0, 0, 0, 0, 0, 0, 13, 24, 37, 40, 65, 73, 77, 71, 63, 64, 53, 49, 29, 27, 13, 0, 0, 0, 0, 0, 0, 0, 0, 0, 0, 0, 0, 0, 0, 0, 0, 0, 0, 0, 0, 0, 0, 0, 0, 0, 0, 0, 0, 0, 0, 0, 0, 0]
,
	[0, 0, 0, 0, 0, 0, 0, 0, 0, 0, 0, 0, 0, 0, 0, 0, 0, 0, 0, 0, 0, 0, 0, 0, 0, 0, 0, 0, 0, 0, 0, 0, 0, 0, 0, 0, 0, 0, 0, 0, 0, 0, 0, 0, 0, 0, 0, 0, 0, 0, 0, 7, 13, 23, 25, 27, 39, 48, 58, 73, 64, 63, 66, 71, 47, 51, 60, 51, 43, 42, 44, 41, 31, 26, 18, 13, 6, 0, 0, 0, 0, 0, 0, 0, 0, 0, 0, 0, 0, 0, 0, 0, 0, 0, 0, 0, 0, 0, 0, 0]
,
	[0, 0, 0, 0, 0, 0, 0, 0, 0, 0, 0, 0, 0, 0, 0, 0, 0, 0, 0, 0, 0, 0, 0, 0, 0, 0, 0, 0, 0, 0, 0, 0, 0, 0, 0, 0, 0, 0, 0, 0, 0, 0, 0, 0, 0, 0, 0, 0, 0, 0, 0, 0, 0, 0, 0, 0, 0, 0, 0, 0, 0, 0, 0, 0, 0, 0, 0, 0, 0, 0, 0, 0, 9, 17, 31, 39, 55, 52, 68, 72, 63, 73, 74, 74, 85, 74, 73, 58, 63, 60, 60, 42, 40, 24, 18, 9, 0, 0, 0, 0]

];
	
network_cost = //[Networks] 
	[18, 16, 1, 1, 3, 2, 3, 1];				//static cost per channel (change later to more realistic model)
network_lcy =
	[7, 7, 3, 4, 2, 4, 1, 3];
network_jit =
	[4, 5, 9, 4, 2, 8, 9, 8];	

network_type= //[Networks] 				//each channel has a specific type; e.g. WiFi, LTE..
	[2, 2, 1, 1, 1, 1, 1, 1];		
nClientInterfaces = //[InterfaceTypes]
	[1, 1];	

//requests: generated Sat Nov 12 11:32:37 CET 2016
nChunks = 				[525, 2365, 480, 130, 675, 2200, 555, 115];		//[Flows]		
deadline= 				[53, 98, 89, 39, 39, 58, 82, 97];		//[Flows] 
prefStartTime = 		[3, 0, 43, 35, 6, 0, 5, 87];		//[Flows]
tpMaxWindow = 			[1, 1, 1, 1, 1, 1, 1, 1];		//[Flows]	//0 says not relevant/no maximum transfer rate; upper throughput limit
tpMaxChunks = 			[100000, 100000, 10, 100000, 100000, 100000, 7, 100000]; 		//maximum of chunks in above specified time frame
tpMinWindow = 			[16, 100000, 1, 3, 14, 100000, 1, 3];		//[Flows]  //1000 says not relevant / no minimum transfer rate
tpMinChunks = 			[40, 1, 10, 1, 70, 1, 1, 1]; 		//minimum of chunks in above specified time frame; lower throughput limit
latency = 				[10, 10, 4, 10, 10, 10, 4, 10];	
jitter = 				[10, 10, 4, 10, 10, 10, 4, 10];

hysteresis = 500;
tpMinAmp = 100;
importance = [
	[6, 0, 20, 7, 8, 0, 20, 7],	//deadline
	[3, 0, 10, 8, 4, 0, 10, 9],	//start time
	[, , , , , , , ],	//throughput upper bound
	[7, 0, 50, 3, 7, 0, 50, 4],	//throughput lower bound
	[5, 2, 4, 12, 6, 3, 6, 13],	//unsched
	[0, 0, 8, 0, 0, 0, 7, 0],	//latency
	[0, 0, 7, 0, 0, 0, 9, 0]	//jitter
]; //[ImportanceTypes, Flows]

//user profiles
userImportance = [8, 1, 11, 8, 6, 2, 8, 8]; //[Flows]
costImp = 15; //former willingness to pay is now inversely proportional value: cost importance 
 
