/*********************************************
 * OPL 12.6.0.0 Data
 * Author: QZ61P8
 * Creation Date: 10.07.2014 at 08:59:12
 *********************************************/


nNetworks = 8;
nTime = 100;
nInterfaceTypes = 2;
nFlows = 10;

//channel model: generated Tue Nov 15 17:22:31 CET 2016
availChunkBuckets = //[Networks, Time]  
[
	[74, 45, 61, 65, 73, 75, 74, 53, 80, 80, 70, 104, 97, 90, 71, 100, 98, 113, 81, 102, 61, 84, 80, 67, 80, 66, 59, 76, 62, 75, 75, 67, 67, 67, 44, 63, 84, 86, 57, 100, 90, 85, 76, 91, 120, 99, 62, 61, 70, 106, 62, 85, 85, 80, 71, 73, 77, 78, 108, 93, 81, 56, 62, 59, 70, 57, 74, 65, 105, 73, 85, 104, 90, 103, 103, 103, 88, 88, 88, 57, 67, 48, 64, 61, 44, 66, 79, 66, 87, 61, 69, 66, 85, 87, 65, 69, 77, 77, 77, 77]
,
	[56, 63, 59, 70, 72, 60, 50, 74, 75, 87, 92, 106, 96, 104, 115, 117, 107, 120, 89, 78, 111, 93, 101, 99, 105, 82, 82, 107, 97, 88, 88, 85, 85, 85, 69, 74, 74, 60, 72, 96, 62, 61, 102, 104, 83, 80, 65, 82, 82, 72, 102, 102, 102, 66, 63, 91, 61, 66, 88, 93, 93, 84, 78, 66, 74, 59, 92, 90, 95, 103, 96, 72, 87, 59, 59, 59, 75, 75, 47, 58, 45, 63, 99, 120, 94, 92, 65, 41, 40, 99, 106, 98, 67, 46, 54, 82, 72, 72, 72, 72]
,
	[0, 0, 0, 0, 0, 0, 0, 0, 0, 0, 0, 0, 0, 0, 0, 0, 0, 0, 0, 9, 19, 26, 30, 48, 51, 76, 52, 59, 50, 55, 55, 35, 35, 35, 27, 20, 10, 0, 0, 0, 0, 0, 0, 0, 0, 0, 0, 0, 0, 0, 0, 0, 0, 0, 0, 0, 0, 0, 0, 0, 0, 0, 0, 0, 0, 0, 0, 0, 0, 0, 0, 0, 0, 0, 0, 0, 0, 0, 0, 0, 0, 0, 0, 0, 0, 0, 0, 0, 0, 0, 0, 0, 0, 0, 0, 0, 0, 0, 0, 0]
,
	[0, 0, 0, 0, 0, 0, 0, 0, 0, 0, 0, 0, 0, 0, 0, 0, 0, 0, 0, 0, 0, 0, 0, 0, 0, 8, 16, 23, 44, 67, 67, 83, 83, 83, 95, 88, 84, 59, 54, 77, 88, 77, 81, 80, 63, 51, 57, 61, 54, 69, 83, 68, 55, 31, 21, 11, 6, 0, 0, 0, 0, 0, 0, 0, 0, 0, 0, 0, 0, 0, 0, 0, 0, 0, 0, 0, 0, 0, 0, 0, 0, 0, 0, 0, 0, 0, 0, 0, 0, 0, 0, 0, 0, 0, 0, 0, 0, 0, 0, 0]
,
	[0, 0, 0, 0, 0, 0, 0, 0, 0, 0, 0, 0, 0, 0, 0, 0, 0, 0, 0, 0, 0, 0, 0, 0, 0, 0, 0, 0, 0, 0, 0, 0, 0, 0, 0, 0, 0, 0, 0, 0, 9, 15, 22, 19, 32, 55, 63, 45, 62, 52, 59, 66, 49, 56, 54, 55, 46, 42, 34, 41, 33, 26, 13, 0, 0, 0, 0, 0, 0, 0, 0, 0, 0, 0, 0, 0, 0, 0, 0, 0, 0, 0, 0, 0, 0, 0, 0, 0, 0, 0, 0, 0, 0, 0, 0, 0, 0, 0, 0, 0]
,
	[0, 0, 0, 0, 0, 0, 0, 0, 0, 0, 0, 0, 0, 0, 0, 0, 0, 0, 0, 0, 0, 0, 0, 0, 0, 0, 0, 0, 0, 0, 0, 0, 0, 0, 0, 0, 0, 0, 0, 0, 0, 0, 0, 0, 0, 0, 0, 0, 0, 0, 11, 37, 59, 71, 60, 61, 72, 52, 41, 75, 59, 50, 33, 17, 0, 0, 0, 0, 0, 0, 0, 0, 0, 0, 0, 0, 0, 0, 0, 0, 0, 0, 0, 0, 0, 0, 0, 0, 0, 0, 0, 0, 0, 0, 0, 0, 0, 0, 0, 0]
,
	[0, 0, 0, 0, 0, 0, 0, 0, 0, 0, 0, 0, 0, 0, 0, 0, 0, 0, 0, 0, 0, 0, 0, 0, 0, 0, 0, 0, 0, 0, 0, 0, 0, 0, 0, 0, 0, 0, 0, 0, 0, 0, 0, 0, 0, 0, 0, 0, 0, 6, 15, 26, 39, 46, 47, 56, 73, 66, 51, 47, 32, 50, 55, 46, 44, 52, 55, 50, 32, 30, 27, 28, 17, 8, 8, 8, 0, 0, 0, 0, 0, 0, 0, 0, 0, 0, 0, 0, 0, 0, 0, 0, 0, 0, 0, 0, 0, 0, 0, 0]
,
	[0, 0, 0, 0, 0, 0, 0, 0, 0, 0, 0, 0, 0, 0, 0, 0, 0, 0, 0, 0, 0, 0, 0, 0, 0, 0, 0, 0, 0, 0, 0, 0, 0, 0, 0, 0, 0, 0, 0, 0, 0, 0, 0, 0, 0, 0, 0, 0, 0, 0, 0, 0, 0, 0, 0, 0, 0, 0, 0, 0, 0, 0, 0, 0, 0, 0, 6, 12, 26, 30, 53, 58, 60, 60, 60, 60, 52, 52, 37, 39, 39, 52, 51, 51, 39, 38, 65, 46, 42, 62, 51, 58, 56, 43, 28, 12, 0, 0, 0, 0]

];
	
network_cost = //[Networks] 
	[19, 20, 2, 1, 3, 2, 1, 3];				//static cost per channel (change later to more realistic model)
network_lcy =
	[8, 7, 4, 0, 3, 2, 2, 0];
network_jit =
	[3, 7, 8, 0, 5, 6, 5, 7];	

network_type= //[Networks] 				//each channel has a specific type; e.g. WiFi, LTE..
	[2, 2, 1, 1, 1, 1, 1, 1];		
nClientInterfaces = //[InterfaceTypes]
	[1, 1];	

//requests: generated Tue Nov 15 17:22:31 CET 2016
nChunks = 				[650, 1540, 288, 155, 368, 2310, 675, 84, 1980, 307];		//[Flows]		
deadline= 				[98, 73, 82, 39, 31, 94, 96, 63, 50, 99];		//[Flows] 
prefStartTime = 		[65, 0, 38, 35, 13, 0, 35, 51, 0, 39];		//[Flows]
tpMaxWindow = 			[1, 1, 1, 1, 1, 1, 1, 1, 1, 1];		//[Flows]	//0 says not relevant/no maximum transfer rate; upper throughput limit
tpMaxChunks = 			[100000, 100000, 6, 100000, 100000, 100000, 11, 100000, 100000, 100000]; 		//maximum of chunks in above specified time frame
tpMinWindow = 			[15, 100000, 1, 3, 18, 100000, 1, 3, 100000, 18];		//[Flows]  //1000 says not relevant / no minimum transfer rate
tpMinChunks = 			[71, 1, 6, 1, 90, 1, 2, 1, 1, 90]; 		//minimum of chunks in above specified time frame; lower throughput limit
latency = 				[10, 10, 4, 10, 10, 10, 4, 10, 10, 10];	
jitter = 				[10, 10, 4, 10, 10, 10, 4, 10, 10, 10];

hysteresis = 500;
tpMinAmp = 100;
importance = [
	[6, 0, 20, 9, 7, 0, 20, 7, 0, 7],	//deadline
	[2, 0, 10, 8, 3, 0, 10, 7, 0, 3],	//start time
	[, , , , , , , , , ],	//throughput upper bound
	[7, 0, 50, 3, 8, 0, 50, 3, 0, 8],	//throughput lower bound
	[5, 4, 4, 13, 4, 1, 5, 14, 2, 4],	//unsched
	[0, 0, 7, 0, 0, 0, 7, 0, 0, 0],	//latency
	[0, 0, 9, 0, 0, 0, 8, 0, 0, 0]	//jitter
]; //[ImportanceTypes, Flows]

//user profiles
userImportance = [7, 1, 8, 10, 6, 1, 11, 8, 3, 6]; //[Flows]
costImp = 15; //former willingness to pay is now inversely proportional value: cost importance 
 
