/*********************************************
 * OPL 12.6.0.0 Data
 * Author: QZ61P8
 * Creation Date: 10.07.2014 at 08:59:12
 *********************************************/


nNetworks = 8;
nTime = 100;
nInterfaceTypes = 2;
nFlows = 8;

//channel model: generated Sat Nov 19 19:52:51 CET 2016
availChunkBuckets = //[Networks, Time]  
[
	[66, 79, 90, 88, 87, 87, 94, 95, 87, 83, 82, 84, 86, 83, 80, 90, 85, 82, 81, 84, 84, 81, 73, 81, 87, 76, 72, 87, 82, 81, 82, 71, 65, 69, 66, 73, 68, 80, 68, 76, 75, 72, 86, 86, 81, 91, 82, 74, 73, 85, 76, 74, 74, 69, 76, 77, 80, 88, 85, 75, 77, 70, 84, 93, 86, 82, 77, 81, 79, 86, 86, 82, 81, 73, 74, 73, 72, 72, 70, 72, 84, 80, 71, 72, 84, 85, 85, 90, 77, 70, 70, 75, 85, 89, 89, 87, 87, 90, 80, 75]
,
	[85, 75, 77, 78, 68, 82, 76, 72, 72, 81, 73, 72, 71, 76, 76, 78, 69, 69, 77, 78, 76, 81, 85, 83, 81, 75, 79, 73, 75, 74, 88, 80, 77, 71, 81, 71, 79, 77, 80, 77, 74, 77, 79, 78, 71, 79, 80, 80, 80, 86, 82, 87, 74, 73, 67, 73, 80, 84, 84, 89, 74, 69, 78, 74, 67, 64, 71, 75, 82, 82, 82, 80, 82, 80, 69, 82, 85, 88, 89, 74, 71, 68, 72, 81, 78, 79, 79, 82, 79, 80, 80, 75, 67, 68, 83, 82, 82, 91, 77, 71]
,
	[0, 0, 0, 0, 0, 0, 0, 0, 0, 0, 0, 0, 0, 0, 0, 0, 0, 0, 0, 0, 22, 33, 41, 60, 55, 58, 57, 52, 55, 53, 56, 56, 62, 58, 48, 37, 25, 12, 0, 0, 0, 0, 0, 0, 0, 0, 0, 0, 0, 0, 0, 0, 0, 0, 0, 0, 0, 0, 0, 0, 0, 0, 0, 0, 0, 0, 0, 0, 0, 0, 0, 0, 0, 0, 0, 0, 0, 0, 0, 0, 0, 0, 0, 0, 0, 0, 0, 0, 0, 0, 0, 0, 0, 0, 0, 0, 0, 0, 0, 0]
,
	[0, 0, 0, 0, 0, 0, 0, 0, 0, 0, 0, 0, 0, 0, 0, 0, 0, 0, 0, 0, 0, 0, 0, 0, 0, 0, 0, 0, 0, 9, 20, 28, 40, 44, 57, 65, 70, 61, 63, 66, 62, 65, 71, 63, 65, 68, 75, 70, 61, 63, 57, 49, 40, 28, 18, 9, 0, 0, 0, 0, 0, 0, 0, 0, 0, 0, 0, 0, 0, 0, 0, 0, 0, 0, 0, 0, 0, 0, 0, 0, 0, 0, 0, 0, 0, 0, 0, 0, 0, 0, 0, 0, 0, 0, 0, 0, 0, 0, 0, 0]
,
	[0, 0, 0, 0, 0, 0, 0, 0, 0, 0, 0, 0, 0, 0, 0, 0, 0, 0, 0, 0, 0, 0, 0, 0, 0, 0, 0, 0, 0, 0, 0, 0, 0, 0, 0, 0, 0, 0, 0, 7, 15, 23, 28, 39, 43, 54, 52, 57, 64, 61, 64, 63, 66, 63, 63, 52, 55, 50, 53, 55, 47, 39, 32, 23, 15, 7, 0, 0, 0, 0, 0, 0, 0, 0, 0, 0, 0, 0, 0, 0, 0, 0, 0, 0, 0, 0, 0, 0, 0, 0, 0, 0, 0, 0, 0, 0, 0, 0, 0, 0]
,
	[0, 0, 0, 0, 0, 0, 0, 0, 0, 0, 0, 0, 0, 0, 0, 0, 0, 0, 0, 0, 0, 0, 0, 0, 0, 0, 0, 0, 0, 0, 0, 0, 0, 0, 0, 0, 0, 0, 0, 0, 0, 0, 0, 0, 0, 0, 0, 0, 0, 12, 26, 39, 56, 73, 70, 72, 70, 77, 69, 69, 67, 64, 65, 59, 46, 29, 14, 0, 0, 0, 0, 0, 0, 0, 0, 0, 0, 0, 0, 0, 0, 0, 0, 0, 0, 0, 0, 0, 0, 0, 0, 0, 0, 0, 0, 0, 0, 0, 0, 0]
,
	[0, 0, 0, 0, 0, 0, 0, 0, 0, 0, 0, 0, 0, 0, 0, 0, 0, 0, 0, 0, 0, 0, 0, 0, 0, 0, 0, 0, 0, 0, 0, 0, 0, 0, 0, 0, 0, 0, 0, 0, 0, 0, 0, 0, 0, 0, 0, 0, 0, 7, 14, 23, 27, 33, 45, 53, 54, 61, 58, 55, 56, 56, 59, 55, 53, 54, 53, 56, 57, 56, 56, 48, 43, 33, 23, 15, 7, 0, 0, 0, 0, 0, 0, 0, 0, 0, 0, 0, 0, 0, 0, 0, 0, 0, 0, 0, 0, 0, 0, 0]
,
	[0, 0, 0, 0, 0, 0, 0, 0, 0, 0, 0, 0, 0, 0, 0, 0, 0, 0, 0, 0, 0, 0, 0, 0, 0, 0, 0, 0, 0, 0, 0, 0, 0, 0, 0, 0, 0, 0, 0, 0, 0, 0, 0, 0, 0, 0, 0, 0, 0, 0, 0, 0, 0, 0, 0, 0, 0, 0, 0, 0, 0, 0, 0, 0, 0, 0, 0, 0, 0, 9, 9, 20, 26, 41, 42, 49, 65, 71, 72, 75, 68, 69, 65, 69, 71, 64, 68, 63, 65, 70, 70, 67, 54, 48, 28, 18, 18, 9, 0, 0]

];
	
network_cost = //[Networks] 
	[21, 21, 3, 3, 2, 3, 2, 3];				//static cost per channel (change later to more realistic model)
network_lcy =
	[5, 10, 1, 0, 2, 2, 1, 2];
network_jit =
	[7, 3, 4, 8, 7, 4, 7, 6];	

network_type= //[Networks] 				//each channel has a specific type; e.g. WiFi, LTE..
	[2, 2, 1, 1, 1, 1, 1, 1];		
nClientInterfaces = //[InterfaceTypes]
	[1, 1];	

//requests: generated Sat Nov 19 19:52:51 CET 2016
nChunks = 				[625, 473, 570, 105, 1100, 1595, 615, 225];		//[Flows]		
deadline= 				[57, 32, 96, 62, 87, 51, 71, 25];		//[Flows] 
prefStartTime = 		[7, 0, 0, 53, 54, 0, 45, 23];		//[Flows]
tpMaxWindow = 			[1, 1, 1, 1, 1, 1, 1, 1];		//[Flows]	//0 says not relevant/no maximum transfer rate; upper throughput limit
tpMaxChunks = 			[100000, 100000, 5, 100000, 100000, 100000, 23, 100000]; 		//maximum of chunks in above specified time frame
tpMinWindow = 			[22, 100000, 1, 3, 18, 100000, 1, 3];		//[Flows]  //1000 says not relevant / no minimum transfer rate
tpMinChunks = 			[66, 1, 1, 1, 148, 1, 11, 1]; 		//minimum of chunks in above specified time frame; lower throughput limit
latency = 				[10, 10, 4, 10, 10, 10, 4, 10];	
jitter = 				[10, 10, 4, 10, 10, 10, 4, 10];

hysteresis = 500;
tpMinAmp = 100;
importance = [
	[7, 0, 20, 7, 6, 0, 20, 7],	//deadline
	[3, 0, 10, 9, 1, 0, 10, 8],	//start time
	[, , , , , , , ],	//throughput upper bound
	[6, 0, 50, 4, 6, 0, 50, 4],	//throughput lower bound
	[5, 3, 5, 15, 6, 3, 6, 14],	//unsched
	[0, 0, 8, 0, 0, 0, 7, 0],	//latency
	[0, 0, 9, 0, 0, 0, 7, 0]	//jitter
]; //[ImportanceTypes, Flows]

//user profiles
userImportance = [8, 1, 9, 8, 9, 2, 10, 8]; //[Flows]
costImp = 15; //former willingness to pay is now inversely proportional value: cost importance 
 
