/*********************************************
 * OPL 12.6.0.0 Data
 * Author: QZ61P8
 * Creation Date: 10.07.2014 at 08:59:12
 *********************************************/


nNetworks = 8;
nTime = 100;
nInterfaceTypes = 2;
nFlows = 9;

//channel model: generated Sat Nov 19 22:33:46 CET 2016
availChunkBuckets = //[Networks, Time]  
[
	[90, 76, 74, 78, 71, 49, 66, 106, 99, 64, 93, 101, 91, 112, 111, 107, 74, 37, 88, 64, 116, 103, 91, 125, 119, 131, 115, 116, 92, 108, 90, 93, 67, 92, 131, 104, 137, 129, 85, 124, 125, 129, 129, 99, 97, 74, 74, 74, 88, 88, 88, 88, 88, 84, 70, 88, 88, 89, 89, 98, 91, 62, 47, 52, 86, 105, 62, 48, 27, 40, 84, 97, 76, 82, 84, 108, 99, 128, 92, 72, 59, 86, 112, 81, 57, 78, 46, 99, 90, 61, 83, 89, 89, 108, 114, 138, 116, 136, 105, 110]
,
	[113, 94, 67, 37, 49, 67, 46, 25, 82, 119, 69, 115, 78, 44, 67, 76, 62, 81, 122, 107, 81, 105, 124, 106, 116, 113, 76, 93, 57, 80, 60, 48, 56, 77, 106, 64, 73, 117, 85, 85, 127, 111, 111, 104, 53, 51, 51, 51, 44, 44, 44, 44, 44, 27, 78, 78, 78, 93, 130, 122, 92, 68, 78, 115, 101, 81, 92, 77, 53, 31, 99, 72, 58, 111, 103, 91, 106, 62, 67, 94, 72, 104, 113, 105, 100, 82, 78, 55, 111, 92, 119, 93, 56, 64, 113, 88, 110, 64, 88, 92]
,
	[0, 0, 0, 0, 0, 0, 0, 0, 0, 0, 0, 0, 0, 0, 0, 0, 0, 17, 34, 40, 66, 78, 62, 40, 31, 51, 34, 33, 74, 66, 31, 65, 39, 36, 18, 8, 0, 0, 0, 0, 0, 0, 0, 0, 0, 0, 0, 0, 0, 0, 0, 0, 0, 0, 0, 0, 0, 0, 0, 0, 0, 0, 0, 0, 0, 0, 0, 0, 0, 0, 0, 0, 0, 0, 0, 0, 0, 0, 0, 0, 0, 0, 0, 0, 0, 0, 0, 0, 0, 0, 0, 0, 0, 0, 0, 0, 0, 0, 0, 0]
,
	[0, 0, 0, 0, 0, 0, 0, 0, 0, 0, 0, 0, 0, 0, 0, 0, 0, 0, 0, 0, 0, 0, 0, 0, 0, 10, 19, 29, 23, 44, 26, 39, 25, 30, 46, 40, 62, 65, 44, 45, 44, 73, 73, 66, 65, 86, 86, 86, 86, 86, 86, 86, 86, 59, 79, 52, 52, 80, 85, 66, 37, 13, 7, 0, 0, 0, 0, 0, 0, 0, 0, 0, 0, 0, 0, 0, 0, 0, 0, 0, 0, 0, 0, 0, 0, 0, 0, 0, 0, 0, 0, 0, 0, 0, 0, 0, 0, 0, 0, 0]
,
	[0, 0, 0, 0, 0, 0, 0, 0, 0, 0, 0, 0, 0, 0, 0, 0, 0, 0, 0, 0, 0, 0, 0, 0, 0, 0, 0, 0, 0, 0, 0, 0, 0, 0, 0, 0, 0, 9, 18, 37, 52, 61, 61, 32, 43, 50, 50, 50, 41, 41, 41, 41, 41, 17, 35, 35, 35, 56, 37, 53, 65, 64, 84, 69, 55, 41, 21, 16, 7, 7, 0, 0, 0, 0, 0, 0, 0, 0, 0, 0, 0, 0, 0, 0, 0, 0, 0, 0, 0, 0, 0, 0, 0, 0, 0, 0, 0, 0, 0, 0]
,
	[0, 0, 0, 0, 0, 0, 0, 0, 0, 0, 0, 0, 0, 0, 0, 0, 0, 0, 0, 0, 0, 0, 0, 0, 0, 0, 0, 0, 0, 0, 0, 0, 0, 0, 0, 0, 0, 0, 0, 0, 0, 0, 0, 0, 0, 0, 0, 0, 0, 0, 0, 0, 0, 0, 7, 18, 18, 37, 53, 59, 52, 60, 58, 66, 63, 64, 63, 65, 82, 53, 52, 32, 12, 0, 0, 0, 0, 0, 0, 0, 0, 0, 0, 0, 0, 0, 0, 0, 0, 0, 0, 0, 0, 0, 0, 0, 0, 0, 0, 0]
,
	[0, 0, 0, 0, 0, 0, 0, 0, 0, 0, 0, 0, 0, 0, 0, 0, 0, 0, 0, 0, 0, 0, 0, 0, 0, 0, 0, 0, 0, 0, 0, 0, 0, 0, 0, 0, 0, 0, 0, 0, 0, 0, 0, 0, 0, 6, 6, 6, 22, 22, 22, 22, 22, 27, 48, 39, 39, 24, 31, 43, 32, 70, 84, 68, 70, 79, 72, 52, 40, 45, 56, 51, 31, 16, 54, 66, 65, 37, 39, 32, 29, 18, 7, 0, 0, 0, 0, 0, 0, 0, 0, 0, 0, 0, 0, 0, 0, 0, 0, 0]
,
	[0, 0, 0, 0, 0, 0, 0, 0, 0, 0, 0, 0, 0, 0, 0, 0, 0, 0, 0, 0, 0, 0, 0, 0, 0, 0, 0, 0, 0, 0, 0, 0, 0, 0, 0, 0, 0, 0, 0, 0, 0, 0, 0, 0, 0, 0, 0, 0, 0, 0, 0, 0, 0, 0, 0, 0, 0, 0, 0, 0, 0, 0, 0, 0, 0, 0, 0, 0, 0, 0, 0, 9, 18, 32, 74, 57, 64, 73, 51, 78, 80, 106, 95, 113, 117, 62, 71, 97, 71, 77, 102, 65, 50, 39, 57, 26, 47, 52, 39, 30]

];
	
network_cost = //[Networks] 
	[20, 15, 1, 2, 2, 2, 1, 2];				//static cost per channel (change later to more realistic model)
network_lcy =
	[12, 9, 5, 4, 4, 4, 1, 6];
network_jit =
	[6, 9, 9, 6, 3, 1, 4, 7];	

network_type= //[Networks] 				//each channel has a specific type; e.g. WiFi, LTE..
	[2, 2, 1, 1, 1, 1, 1, 1];		
nClientInterfaces = //[InterfaceTypes]
	[1, 1];	

//requests: generated Sat Nov 19 22:33:46 CET 2016
nChunks = 				[775, 1045, 204, 180, 600, 1870, 630, 85, 125];		//[Flows]		
deadline= 				[92, 71, 33, 99, 55, 99, 70, 27, 83];		//[Flows] 
prefStartTime = 		[59, 0, 22, 86, 22, 0, 37, 15, 58];		//[Flows]
tpMaxWindow = 			[1, 1, 1, 1, 1, 1, 1, 1, 1];		//[Flows]	//0 says not relevant/no maximum transfer rate; upper throughput limit
tpMaxChunks = 			[100000, 100000, 18, 100000, 100000, 100000, 19, 100000, 100000]; 		//maximum of chunks in above specified time frame
tpMinWindow = 			[21, 100000, 1, 3, 14, 100000, 1, 3, 3];		//[Flows]  //1000 says not relevant / no minimum transfer rate
tpMinChunks = 			[120, 1, 6, 1, 63, 1, 4, 1, 1]; 		//minimum of chunks in above specified time frame; lower throughput limit
latency = 				[10, 10, 4, 10, 10, 10, 4, 10, 10];	
jitter = 				[10, 10, 4, 10, 10, 10, 4, 10, 10];

hysteresis = 500;
tpMinAmp = 100;
importance = [
	[6, 0, 20, 9, 5, 0, 20, 7, 8],	//deadline
	[5, 0, 10, 9, 1, 0, 10, 9, 9],	//start time
	[, , , , , , , , ],	//throughput upper bound
	[8, 0, 50, 3, 7, 0, 50, 2, 4],	//throughput lower bound
	[5, 1, 6, 15, 4, 2, 6, 18, 16],	//unsched
	[0, 0, 7, 0, 0, 0, 7, 0, 0],	//latency
	[0, 0, 9, 0, 0, 0, 8, 0, 0]	//jitter
]; //[ImportanceTypes, Flows]

//user profiles
userImportance = [9, 1, 8, 8, 5, 1, 8, 10, 8]; //[Flows]
costImp = 15; //former willingness to pay is now inversely proportional value: cost importance 
 
