/*********************************************
 * OPL 12.6.0.0 Data
 * Author: QZ61P8
 * Creation Date: 10.07.2014 at 08:59:12
 *********************************************/


nNetworks = 8;
nTime = 100;
nInterfaceTypes = 2;
nFlows = 8;

//channel model: generated Sat Nov 12 13:25:01 CET 2016
availChunkBuckets = //[Networks, Time]  
[
	[70, 73, 80, 77, 75, 85, 85, 90, 83, 84, 85, 84, 77, 83, 76, 88, 88, 85, 80, 69, 82, 91, 79, 81, 79, 88, 81, 77, 76, 80, 77, 87, 85, 72, 73, 82, 74, 84, 83, 76, 84, 86, 78, 80, 77, 86, 85, 89, 87, 85, 77, 79, 81, 87, 83, 87, 86, 77, 88, 84, 84, 83, 80, 70, 72, 85, 83, 82, 81, 72, 75, 70, 73, 80, 80, 80, 79, 86, 87, 93, 91, 88, 87, 80, 89, 90, 83, 83, 75, 84, 76, 69, 68, 71, 72, 71, 72, 76, 80, 73]
,
	[76, 82, 80, 76, 73, 76, 72, 69, 72, 67, 64, 71, 80, 89, 84, 88, 92, 89, 85, 74, 78, 79, 80, 85, 77, 86, 80, 79, 86, 93, 94, 86, 86, 81, 71, 78, 75, 78, 80, 80, 88, 85, 82, 85, 86, 88, 87, 78, 82, 81, 77, 87, 80, 75, 78, 73, 67, 79, 81, 86, 87, 76, 74, 75, 73, 71, 81, 78, 76, 75, 72, 80, 80, 87, 80, 81, 83, 82, 83, 74, 76, 77, 85, 83, 88, 82, 81, 80, 87, 78, 87, 82, 81, 77, 75, 83, 81, 74, 83, 80]
,
	[0, 0, 0, 0, 0, 0, 0, 0, 0, 0, 0, 0, 0, 0, 0, 0, 0, 0, 0, 0, 0, 11, 23, 33, 44, 55, 55, 55, 53, 52, 51, 54, 54, 58, 64, 47, 35, 24, 12, 0, 0, 0, 0, 0, 0, 0, 0, 0, 0, 0, 0, 0, 0, 0, 0, 0, 0, 0, 0, 0, 0, 0, 0, 0, 0, 0, 0, 0, 0, 0, 0, 0, 0, 0, 0, 0, 0, 0, 0, 0, 0, 0, 0, 0, 0, 0, 0, 0, 0, 0, 0, 0, 0, 0, 0, 0, 0, 0, 0, 0]
,
	[0, 0, 0, 0, 0, 0, 0, 0, 0, 0, 0, 0, 0, 0, 0, 0, 0, 0, 0, 0, 0, 0, 0, 0, 0, 0, 0, 0, 0, 0, 0, 9, 18, 27, 35, 50, 55, 70, 67, 73, 74, 69, 73, 69, 65, 57, 60, 60, 64, 64, 66, 55, 48, 35, 26, 16, 8, 0, 0, 0, 0, 0, 0, 0, 0, 0, 0, 0, 0, 0, 0, 0, 0, 0, 0, 0, 0, 0, 0, 0, 0, 0, 0, 0, 0, 0, 0, 0, 0, 0, 0, 0, 0, 0, 0, 0, 0, 0, 0, 0]
,
	[0, 0, 0, 0, 0, 0, 0, 0, 0, 0, 0, 0, 0, 0, 0, 0, 0, 0, 0, 0, 0, 0, 0, 0, 0, 0, 0, 0, 0, 0, 0, 0, 0, 0, 0, 0, 0, 0, 0, 0, 0, 7, 15, 22, 31, 43, 47, 55, 51, 59, 53, 59, 55, 53, 47, 45, 56, 55, 53, 58, 57, 60, 54, 39, 30, 23, 15, 7, 0, 0, 0, 0, 0, 0, 0, 0, 0, 0, 0, 0, 0, 0, 0, 0, 0, 0, 0, 0, 0, 0, 0, 0, 0, 0, 0, 0, 0, 0, 0, 0]
,
	[0, 0, 0, 0, 0, 0, 0, 0, 0, 0, 0, 0, 0, 0, 0, 0, 0, 0, 0, 0, 0, 0, 0, 0, 0, 0, 0, 0, 0, 0, 0, 0, 0, 0, 0, 0, 0, 0, 0, 0, 0, 0, 0, 0, 0, 0, 0, 0, 0, 0, 0, 13, 26, 42, 51, 65, 72, 71, 61, 68, 69, 65, 65, 68, 67, 53, 38, 26, 13, 0, 0, 0, 0, 0, 0, 0, 0, 0, 0, 0, 0, 0, 0, 0, 0, 0, 0, 0, 0, 0, 0, 0, 0, 0, 0, 0, 0, 0, 0, 0]
,
	[0, 0, 0, 0, 0, 0, 0, 0, 0, 0, 0, 0, 0, 0, 0, 0, 0, 0, 0, 0, 0, 0, 0, 0, 0, 0, 0, 0, 0, 0, 0, 0, 0, 0, 0, 0, 0, 0, 0, 0, 0, 0, 0, 0, 0, 0, 0, 0, 0, 0, 0, 7, 14, 23, 31, 39, 45, 55, 62, 64, 56, 53, 50, 55, 59, 63, 64, 58, 53, 55, 55, 59, 47, 39, 32, 23, 15, 7, 0, 0, 0, 0, 0, 0, 0, 0, 0, 0, 0, 0, 0, 0, 0, 0, 0, 0, 0, 0, 0, 0]
,
	[0, 0, 0, 0, 0, 0, 0, 0, 0, 0, 0, 0, 0, 0, 0, 0, 0, 0, 0, 0, 0, 0, 0, 0, 0, 0, 0, 0, 0, 0, 0, 0, 0, 0, 0, 0, 0, 0, 0, 0, 0, 0, 0, 0, 0, 0, 0, 0, 0, 0, 0, 0, 0, 0, 0, 0, 0, 0, 0, 0, 0, 0, 0, 0, 0, 0, 0, 0, 0, 0, 0, 9, 16, 28, 37, 46, 50, 64, 70, 73, 67, 69, 64, 66, 73, 65, 68, 63, 69, 62, 63, 71, 61, 47, 34, 26, 19, 9, 0, 0]

];
	
network_cost = //[Networks] 
	[17, 20, 3, 3, 2, 3, 1, 3];				//static cost per channel (change later to more realistic model)
network_lcy =
	[6, 10, 0, 1, 2, 3, 2, 2];
network_jit =
	[4, 3, 5, 6, 7, 7, 5, 6];	

network_type= //[Networks] 				//each channel has a specific type; e.g. WiFi, LTE..
	[2, 2, 1, 1, 1, 1, 1, 1];		
nClientInterfaces = //[InterfaceTypes]
	[1, 1];	

//requests: generated Sat Nov 12 13:25:01 CET 2016
nChunks = 				[525, 1760, 240, 200, 550, 990, 630, 225];		//[Flows]		
deadline= 				[52, 52, 62, 60, 51, 90, 59, 79];		//[Flows] 
prefStartTime = 		[2, 0, 26, 46, 1, 0, 37, 66];		//[Flows]
tpMaxWindow = 			[1, 1, 1, 1, 1, 1, 1, 1];		//[Flows]	//0 says not relevant/no maximum transfer rate; upper throughput limit
tpMaxChunks = 			[100000, 100000, 6, 100000, 100000, 100000, 28, 100000]; 		//maximum of chunks in above specified time frame
tpMinWindow = 			[22, 100000, 1, 3, 16, 100000, 1, 3];		//[Flows]  //1000 says not relevant / no minimum transfer rate
tpMinChunks = 			[55, 1, 2, 1, 44, 1, 7, 1]; 		//minimum of chunks in above specified time frame; lower throughput limit
latency = 				[10, 10, 4, 10, 10, 10, 4, 10];	
jitter = 				[10, 10, 4, 10, 10, 10, 4, 10];

hysteresis = 500;
tpMinAmp = 100;
importance = [
	[7, 0, 20, 9, 5, 0, 20, 9],	//deadline
	[5, 0, 10, 7, 2, 0, 10, 9],	//start time
	[, , , , , , , ],	//throughput upper bound
	[6, 0, 50, 3, 6, 0, 50, 4],	//throughput lower bound
	[4, 1, 6, 13, 4, 4, 6, 17],	//unsched
	[0, 0, 8, 0, 0, 0, 8, 0],	//latency
	[0, 0, 8, 0, 0, 0, 7, 0]	//jitter
]; //[ImportanceTypes, Flows]

//user profiles
userImportance = [8, 1, 10, 6, 6, 1, 8, 10]; //[Flows]
costImp = 15; //former willingness to pay is now inversely proportional value: cost importance 
 
