/*********************************************
 * OPL 12.6.0.0 Data
 * Author: QZ61P8
 * Creation Date: 10.07.2014 at 08:59:12
 *********************************************/


nNetworks = 8;
nTime = 100;
nInterfaceTypes = 2;
nFlows = 8;

//channel model: generated Thu Nov 17 17:06:02 CET 2016
availChunkBuckets = //[Networks, Time]  
[
	[71, 68, 49, 66, 80, 74, 93, 72, 87, 91, 82, 86, 91, 96, 81, 104, 79, 80, 90, 72, 81, 83, 76, 90, 100, 93, 83, 97, 102, 112, 109, 115, 113, 112, 79, 94, 73, 78, 80, 63, 47, 76, 90, 79, 87, 91, 104, 102, 93, 80, 92, 76, 70, 81, 82, 80, 89, 64, 63, 64, 88, 89, 86, 69, 79, 93, 90, 83, 80, 102, 93, 109, 108, 104, 114, 109, 112, 101, 86, 78, 72, 81, 92, 90, 61, 83, 104, 87, 79, 77, 91, 72, 83, 96, 110, 93, 88, 85, 82, 80]
,
	[79, 72, 80, 80, 76, 87, 88, 82, 75, 85, 82, 97, 93, 97, 80, 61, 75, 65, 77, 85, 81, 80, 95, 67, 67, 87, 66, 72, 86, 78, 67, 62, 89, 83, 75, 104, 82, 81, 95, 104, 96, 84, 108, 98, 114, 118, 106, 91, 92, 90, 67, 53, 89, 67, 53, 76, 82, 67, 74, 81, 75, 79, 80, 86, 62, 46, 54, 71, 85, 80, 92, 100, 113, 115, 120, 99, 103, 79, 83, 75, 71, 80, 72, 56, 62, 83, 55, 53, 55, 51, 65, 63, 90, 82, 70, 69, 89, 73, 76, 76]
,
	[0, 0, 0, 0, 0, 0, 0, 0, 0, 0, 0, 0, 0, 0, 0, 0, 0, 0, 0, 0, 0, 11, 21, 32, 46, 74, 76, 59, 44, 44, 49, 59, 70, 67, 45, 34, 33, 18, 10, 0, 0, 0, 0, 0, 0, 0, 0, 0, 0, 0, 0, 0, 0, 0, 0, 0, 0, 0, 0, 0, 0, 0, 0, 0, 0, 0, 0, 0, 0, 0, 0, 0, 0, 0, 0, 0, 0, 0, 0, 0, 0, 0, 0, 0, 0, 0, 0, 0, 0, 0, 0, 0, 0, 0, 0, 0, 0, 0, 0, 0]
,
	[0, 0, 0, 0, 0, 0, 0, 0, 0, 0, 0, 0, 0, 0, 0, 0, 0, 0, 0, 0, 0, 0, 0, 0, 0, 0, 0, 0, 0, 8, 19, 20, 31, 52, 57, 49, 59, 57, 58, 65, 46, 74, 57, 52, 43, 44, 73, 75, 64, 63, 78, 72, 61, 59, 35, 46, 33, 28, 18, 9, 0, 0, 0, 0, 0, 0, 0, 0, 0, 0, 0, 0, 0, 0, 0, 0, 0, 0, 0, 0, 0, 0, 0, 0, 0, 0, 0, 0, 0, 0, 0, 0, 0, 0, 0, 0, 0, 0, 0, 0]
,
	[0, 0, 0, 0, 0, 0, 0, 0, 0, 0, 0, 0, 0, 0, 0, 0, 0, 0, 0, 0, 0, 0, 0, 0, 0, 0, 0, 0, 0, 0, 0, 0, 0, 0, 0, 0, 0, 0, 0, 0, 0, 7, 16, 25, 24, 24, 50, 65, 52, 69, 59, 47, 51, 60, 62, 67, 73, 54, 55, 53, 60, 55, 39, 39, 38, 20, 13, 6, 0, 0, 0, 0, 0, 0, 0, 0, 0, 0, 0, 0, 0, 0, 0, 0, 0, 0, 0, 0, 0, 0, 0, 0, 0, 0, 0, 0, 0, 0, 0, 0]
,
	[0, 0, 0, 0, 0, 0, 0, 0, 0, 0, 0, 0, 0, 0, 0, 0, 0, 0, 0, 0, 0, 0, 0, 0, 0, 0, 0, 0, 0, 0, 0, 0, 0, 0, 0, 0, 0, 0, 0, 0, 0, 0, 0, 0, 0, 0, 0, 0, 0, 0, 0, 15, 26, 35, 52, 57, 60, 65, 83, 67, 52, 50, 43, 66, 80, 79, 69, 47, 32, 14, 0, 0, 0, 0, 0, 0, 0, 0, 0, 0, 0, 0, 0, 0, 0, 0, 0, 0, 0, 0, 0, 0, 0, 0, 0, 0, 0, 0, 0, 0]
,
	[0, 0, 0, 0, 0, 0, 0, 0, 0, 0, 0, 0, 0, 0, 0, 0, 0, 0, 0, 0, 0, 0, 0, 0, 0, 0, 0, 0, 0, 0, 0, 0, 0, 0, 0, 0, 0, 0, 0, 0, 0, 0, 0, 0, 0, 0, 0, 0, 0, 0, 0, 7, 17, 20, 28, 39, 31, 48, 58, 59, 55, 50, 42, 34, 58, 58, 55, 53, 67, 50, 53, 59, 42, 36, 28, 24, 20, 9, 0, 0, 0, 0, 0, 0, 0, 0, 0, 0, 0, 0, 0, 0, 0, 0, 0, 0, 0, 0, 0, 0]
,
	[0, 0, 0, 0, 0, 0, 0, 0, 0, 0, 0, 0, 0, 0, 0, 0, 0, 0, 0, 0, 0, 0, 0, 0, 0, 0, 0, 0, 0, 0, 0, 0, 0, 0, 0, 0, 0, 0, 0, 0, 0, 0, 0, 0, 0, 0, 0, 0, 0, 0, 0, 0, 0, 0, 0, 0, 0, 0, 0, 0, 0, 0, 0, 0, 0, 0, 0, 0, 0, 0, 8, 21, 29, 35, 47, 71, 80, 61, 58, 83, 65, 53, 78, 56, 73, 66, 77, 85, 59, 68, 67, 72, 71, 63, 43, 36, 27, 20, 8, 0]

];
	
network_cost = //[Networks] 
	[19, 21, 1, 2, 3, 2, 2, 2];				//static cost per channel (change later to more realistic model)
network_lcy =
	[6, 10, 1, 0, 2, 2, 1, 0];
network_jit =
	[7, 8, 9, 4, 8, 7, 10, 9];	

network_type= //[Networks] 				//each channel has a specific type; e.g. WiFi, LTE..
	[2, 2, 1, 1, 1, 1, 1, 1];		
nClientInterfaces = //[InterfaceTypes]
	[1, 1];	

//requests: generated Thu Nov 17 17:06:02 CET 2016
nChunks = 				[600, 1265, 570, 90, 675, 1155, 420, 185];		//[Flows]		
deadline= 				[82, 88, 95, 38, 75, 51, 78, 15];		//[Flows] 
prefStartTime = 		[49, 0, 46, 33, 42, 0, 33, 0];		//[Flows]
tpMaxWindow = 			[1, 1, 1, 1, 1, 1, 1, 1];		//[Flows]	//0 says not relevant/no maximum transfer rate; upper throughput limit
tpMaxChunks = 			[100000, 100000, 11, 100000, 100000, 100000, 9, 100000]; 		//maximum of chunks in above specified time frame
tpMinWindow = 			[18, 100000, 1, 3, 21, 100000, 1, 3];		//[Flows]  //1000 says not relevant / no minimum transfer rate
tpMinChunks = 			[81, 1, 3, 1, 105, 1, 9, 1]; 		//minimum of chunks in above specified time frame; lower throughput limit
latency = 				[10, 10, 4, 10, 10, 10, 4, 10];	
jitter = 				[10, 10, 4, 10, 10, 10, 4, 10];

hysteresis = 500;
tpMinAmp = 100;
importance = [
	[9, 0, 20, 7, 5, 0, 20, 9],	//deadline
	[5, 0, 10, 7, 3, 0, 10, 8],	//start time
	[, , , , , , , ],	//throughput upper bound
	[8, 0, 50, 2, 8, 0, 50, 4],	//throughput lower bound
	[6, 4, 4, 13, 6, 1, 4, 14],	//unsched
	[0, 0, 9, 0, 0, 0, 9, 0],	//latency
	[0, 0, 8, 0, 0, 0, 9, 0]	//jitter
]; //[ImportanceTypes, Flows]

//user profiles
userImportance = [8, 3, 11, 9, 5, 3, 10, 6]; //[Flows]
costImp = 15; //former willingness to pay is now inversely proportional value: cost importance 
 
