/*********************************************
 * OPL 12.6.0.0 Data
 * Author: QZ61P8
 * Creation Date: 10.07.2014 at 08:59:12
 *********************************************/


nNetworks = 8;
nTime = 100;
nInterfaceTypes = 2;
nFlows = 8;

//channel model: generated Thu Nov 17 17:29:27 CET 2016
availChunkBuckets = //[Networks, Time]  
[
	[98, 91, 88, 70, 79, 86, 75, 82, 74, 66, 73, 78, 81, 80, 76, 70, 78, 95, 80, 87, 72, 91, 83, 94, 84, 72, 73, 82, 91, 87, 83, 93, 93, 76, 67, 59, 78, 65, 72, 68, 70, 70, 70, 78, 77, 69, 64, 64, 72, 59, 78, 94, 94, 90, 91, 86, 75, 78, 81, 93, 95, 79, 93, 88, 88, 99, 94, 70, 83, 76, 67, 80, 69, 70, 78, 71, 79, 81, 89, 93, 93, 86, 83, 81, 81, 77, 73, 86, 86, 89, 92, 103, 80, 80, 98, 93, 80, 69, 77, 77]
,
	[96, 90, 79, 85, 89, 88, 81, 77, 84, 92, 57, 85, 73, 89, 98, 86, 97, 76, 92, 84, 83, 82, 86, 85, 78, 70, 73, 81, 86, 81, 80, 80, 80, 72, 73, 73, 93, 78, 93, 76, 84, 76, 76, 73, 93, 88, 100, 100, 74, 78, 69, 63, 63, 66, 73, 87, 71, 93, 98, 89, 84, 80, 87, 93, 92, 95, 93, 79, 80, 80, 64, 72, 85, 83, 84, 81, 75, 85, 93, 81, 81, 72, 89, 98, 98, 97, 83, 75, 75, 75, 85, 90, 90, 90, 88, 86, 86, 79, 79, 79]
,
	[0, 0, 0, 0, 0, 0, 0, 0, 0, 0, 0, 0, 0, 0, 0, 0, 0, 0, 0, 11, 25, 36, 41, 48, 55, 62, 59, 59, 55, 59, 67, 66, 66, 51, 30, 18, 8, 0, 0, 0, 0, 0, 0, 0, 0, 0, 0, 0, 0, 0, 0, 0, 0, 0, 0, 0, 0, 0, 0, 0, 0, 0, 0, 0, 0, 0, 0, 0, 0, 0, 0, 0, 0, 0, 0, 0, 0, 0, 0, 0, 0, 0, 0, 0, 0, 0, 0, 0, 0, 0, 0, 0, 0, 0, 0, 0, 0, 0, 0, 0]
,
	[0, 0, 0, 0, 0, 0, 0, 0, 0, 0, 0, 0, 0, 0, 0, 0, 0, 0, 0, 0, 0, 0, 0, 0, 0, 0, 0, 0, 10, 22, 27, 32, 32, 37, 54, 72, 62, 56, 70, 63, 72, 61, 61, 58, 62, 59, 60, 60, 50, 55, 67, 65, 65, 47, 34, 34, 30, 23, 11, 0, 0, 0, 0, 0, 0, 0, 0, 0, 0, 0, 0, 0, 0, 0, 0, 0, 0, 0, 0, 0, 0, 0, 0, 0, 0, 0, 0, 0, 0, 0, 0, 0, 0, 0, 0, 0, 0, 0, 0, 0]
,
	[0, 0, 0, 0, 0, 0, 0, 0, 0, 0, 0, 0, 0, 0, 0, 0, 0, 0, 0, 0, 0, 0, 0, 0, 0, 0, 0, 0, 0, 0, 0, 0, 0, 0, 0, 0, 0, 0, 0, 7, 15, 24, 24, 29, 42, 48, 64, 64, 54, 55, 54, 55, 55, 49, 57, 53, 58, 52, 62, 64, 49, 59, 65, 55, 37, 31, 23, 13, 6, 0, 0, 0, 0, 0, 0, 0, 0, 0, 0, 0, 0, 0, 0, 0, 0, 0, 0, 0, 0, 0, 0, 0, 0, 0, 0, 0, 0, 0, 0, 0]
,
	[0, 0, 0, 0, 0, 0, 0, 0, 0, 0, 0, 0, 0, 0, 0, 0, 0, 0, 0, 0, 0, 0, 0, 0, 0, 0, 0, 0, 0, 0, 0, 0, 0, 0, 0, 0, 0, 0, 0, 0, 0, 0, 0, 0, 0, 0, 0, 0, 0, 0, 13, 26, 26, 37, 51, 77, 80, 73, 65, 53, 71, 68, 74, 73, 66, 60, 49, 47, 42, 22, 13, 0, 0, 0, 0, 0, 0, 0, 0, 0, 0, 0, 0, 0, 0, 0, 0, 0, 0, 0, 0, 0, 0, 0, 0, 0, 0, 0, 0, 0]
,
	[0, 0, 0, 0, 0, 0, 0, 0, 0, 0, 0, 0, 0, 0, 0, 0, 0, 0, 0, 0, 0, 0, 0, 0, 0, 0, 0, 0, 0, 0, 0, 0, 0, 0, 0, 0, 0, 0, 0, 0, 0, 0, 0, 0, 0, 0, 0, 0, 0, 0, 0, 7, 7, 16, 22, 32, 39, 39, 51, 61, 54, 57, 59, 63, 59, 54, 55, 56, 64, 65, 61, 59, 55, 54, 43, 33, 24, 17, 7, 0, 0, 0, 0, 0, 0, 0, 0, 0, 0, 0, 0, 0, 0, 0, 0, 0, 0, 0, 0, 0]
,
	[0, 0, 0, 0, 0, 0, 0, 0, 0, 0, 0, 0, 0, 0, 0, 0, 0, 0, 0, 0, 0, 0, 0, 0, 0, 0, 0, 0, 0, 0, 0, 0, 0, 0, 0, 0, 0, 0, 0, 0, 0, 0, 0, 0, 0, 0, 0, 0, 0, 0, 0, 0, 0, 0, 0, 0, 0, 0, 0, 0, 0, 0, 0, 0, 0, 0, 0, 0, 0, 0, 0, 0, 10, 17, 27, 37, 53, 60, 72, 75, 75, 64, 60, 63, 63, 66, 68, 61, 61, 73, 75, 68, 74, 74, 69, 75, 70, 60, 45, 45]

];
	
network_cost = //[Networks] 
	[21, 19, 2, 1, 3, 2, 1, 3];				//static cost per channel (change later to more realistic model)
network_lcy =
	[6, 6, 0, 1, 1, 1, 3, 0];
network_jit =
	[7, 5, 4, 7, 6, 4, 7, 5];	

network_type= //[Networks] 				//each channel has a specific type; e.g. WiFi, LTE..
	[2, 2, 1, 1, 1, 1, 1, 1];		
nClientInterfaces = //[InterfaceTypes]
	[1, 1];	

//requests: generated Thu Nov 17 17:29:27 CET 2016
nChunks = 				[1100, 1485, 0, 36, 475, 935, 420, 210];		//[Flows]		
deadline= 				[88, 88, 93, 52, 85, 94, 43, 73];		//[Flows] 
prefStartTime = 		[38, 0, 42, 49, 35, 0, 6, 58];		//[Flows]
tpMaxWindow = 			[1, 1, 1, 1, 1, 1, 1, 1];		//[Flows]	//0 says not relevant/no maximum transfer rate; upper throughput limit
tpMaxChunks = 			[100000, 100000, 7, 100000, 100000, 100000, 11, 100000]; 		//maximum of chunks in above specified time frame
tpMinWindow = 			[18, 100000, 1, 3, 26, 100000, 1, 3];		//[Flows]  //1000 says not relevant / no minimum transfer rate
tpMinChunks = 			[99, 1, 2, 1, 58, 1, 2, 1]; 		//minimum of chunks in above specified time frame; lower throughput limit
latency = 				[10, 10, 4, 10, 10, 10, 4, 10];	
jitter = 				[10, 10, 4, 10, 10, 10, 4, 10];

hysteresis = 500;
tpMinAmp = 100;
importance = [
	[8, 0, 20, 8, 5, 0, 20, 8],	//deadline
	[4, 0, 10, 8, 3, 0, 10, 8],	//start time
	[, , , , , , , ],	//throughput upper bound
	[7, 0, 50, 3, 6, 0, 50, 3],	//throughput lower bound
	[4, 3, 4, 14, 4, 4, 6, 14],	//unsched
	[0, 0, 9, 0, 0, 0, 9, 0],	//latency
	[0, 0, 8, 0, 0, 0, 8, 0]	//jitter
]; //[ImportanceTypes, Flows]

//user profiles
userImportance = [9, 3, 10, 9, 9, 3, 10, 7]; //[Flows]
costImp = 15; //former willingness to pay is now inversely proportional value: cost importance 
 
