/*********************************************
 * OPL 12.6.0.0 Data
 * Author: QZ61P8
 * Creation Date: 10.07.2014 at 08:59:12
 *********************************************/


nNetworks = 8;
nTime = 100;
nInterfaceTypes = 2;
nFlows = 8;

//channel model: generated Sat Nov 12 13:55:33 CET 2016
availChunkBuckets = //[Networks, Time]  
[
	[101, 73, 75, 66, 60, 53, 57, 51, 77, 67, 90, 96, 72, 80, 95, 92, 100, 84, 100, 110, 88, 65, 79, 97, 89, 77, 80, 62, 64, 51, 78, 78, 99, 68, 58, 82, 81, 92, 69, 76, 83, 80, 69, 75, 75, 79, 94, 89, 86, 90, 89, 85, 76, 87, 77, 80, 66, 54, 60, 75, 88, 87, 66, 76, 89, 78, 70, 92, 88, 84, 86, 88, 101, 96, 79, 90, 92, 71, 70, 76, 67, 91, 86, 83, 89, 87, 88, 92, 105, 81, 74, 77, 79, 80, 85, 90, 77, 73, 81, 79]
,
	[101, 82, 102, 105, 85, 75, 88, 77, 69, 95, 77, 70, 67, 74, 78, 84, 102, 70, 76, 89, 101, 94, 92, 95, 75, 75, 66, 71, 55, 67, 73, 72, 72, 80, 82, 99, 86, 89, 82, 65, 69, 61, 62, 86, 77, 71, 82, 87, 78, 86, 71, 89, 104, 98, 110, 113, 101, 76, 97, 80, 94, 82, 60, 67, 76, 95, 89, 79, 94, 80, 81, 90, 73, 79, 78, 68, 55, 81, 84, 61, 65, 55, 56, 66, 78, 75, 61, 52, 80, 97, 98, 80, 96, 86, 88, 87, 69, 71, 61, 72]
,
	[0, 0, 0, 0, 0, 0, 0, 0, 0, 0, 0, 0, 0, 0, 0, 0, 0, 0, 0, 0, 0, 11, 26, 40, 45, 57, 66, 52, 60, 50, 58, 52, 51, 51, 39, 40, 30, 20, 16, 10, 0, 0, 0, 0, 0, 0, 0, 0, 0, 0, 0, 0, 0, 0, 0, 0, 0, 0, 0, 0, 0, 0, 0, 0, 0, 0, 0, 0, 0, 0, 0, 0, 0, 0, 0, 0, 0, 0, 0, 0, 0, 0, 0, 0, 0, 0, 0, 0, 0, 0, 0, 0, 0, 0, 0, 0, 0, 0, 0, 0]
,
	[0, 0, 0, 0, 0, 0, 0, 0, 0, 0, 0, 0, 0, 0, 0, 0, 0, 0, 0, 0, 0, 0, 0, 0, 0, 0, 0, 0, 0, 0, 0, 8, 13, 25, 36, 54, 48, 66, 57, 52, 64, 71, 53, 59, 59, 56, 64, 54, 63, 70, 67, 54, 42, 40, 42, 33, 19, 9, 0, 0, 0, 0, 0, 0, 0, 0, 0, 0, 0, 0, 0, 0, 0, 0, 0, 0, 0, 0, 0, 0, 0, 0, 0, 0, 0, 0, 0, 0, 0, 0, 0, 0, 0, 0, 0, 0, 0, 0, 0, 0]
,
	[0, 0, 0, 0, 0, 0, 0, 0, 0, 0, 0, 0, 0, 0, 0, 0, 0, 0, 0, 0, 0, 0, 0, 0, 0, 0, 0, 0, 0, 0, 0, 0, 0, 0, 0, 0, 0, 0, 0, 0, 0, 7, 15, 24, 36, 46, 48, 55, 46, 39, 47, 51, 54, 59, 67, 69, 57, 57, 61, 68, 53, 63, 57, 41, 34, 30, 15, 6, 0, 0, 0, 0, 0, 0, 0, 0, 0, 0, 0, 0, 0, 0, 0, 0, 0, 0, 0, 0, 0, 0, 0, 0, 0, 0, 0, 0, 0, 0, 0, 0]
,
	[0, 0, 0, 0, 0, 0, 0, 0, 0, 0, 0, 0, 0, 0, 0, 0, 0, 0, 0, 0, 0, 0, 0, 0, 0, 0, 0, 0, 0, 0, 0, 0, 0, 0, 0, 0, 0, 0, 0, 0, 0, 0, 0, 0, 0, 0, 0, 0, 0, 0, 15, 23, 41, 46, 57, 66, 72, 55, 63, 72, 65, 62, 53, 59, 56, 55, 56, 53, 39, 26, 16, 0, 0, 0, 0, 0, 0, 0, 0, 0, 0, 0, 0, 0, 0, 0, 0, 0, 0, 0, 0, 0, 0, 0, 0, 0, 0, 0, 0, 0]
,
	[0, 0, 0, 0, 0, 0, 0, 0, 0, 0, 0, 0, 0, 0, 0, 0, 0, 0, 0, 0, 0, 0, 0, 0, 0, 0, 0, 0, 0, 0, 0, 0, 0, 0, 0, 0, 0, 0, 0, 0, 0, 0, 0, 0, 0, 0, 0, 0, 0, 0, 0, 8, 19, 28, 33, 40, 47, 44, 45, 56, 43, 56, 48, 62, 49, 45, 54, 61, 63, 47, 53, 54, 51, 38, 27, 32, 23, 15, 7, 0, 0, 0, 0, 0, 0, 0, 0, 0, 0, 0, 0, 0, 0, 0, 0, 0, 0, 0, 0, 0]
,
	[0, 0, 0, 0, 0, 0, 0, 0, 0, 0, 0, 0, 0, 0, 0, 0, 0, 0, 0, 0, 0, 0, 0, 0, 0, 0, 0, 0, 0, 0, 0, 0, 0, 0, 0, 0, 0, 0, 0, 0, 0, 0, 0, 0, 0, 0, 0, 0, 0, 0, 0, 0, 0, 0, 0, 0, 0, 0, 0, 0, 0, 0, 0, 0, 0, 0, 0, 0, 0, 0, 0, 9, 18, 22, 33, 42, 65, 73, 73, 55, 46, 49, 57, 75, 70, 67, 76, 68, 53, 74, 69, 59, 50, 46, 37, 27, 17, 8, 0, 0]

];
	
network_cost = //[Networks] 
	[24, 23, 3, 2, 3, 1, 1, 3];				//static cost per channel (change later to more realistic model)
network_lcy =
	[7, 6, 3, 3, 0, 2, 0, 1];
network_jit =
	[3, 7, 8, 5, 8, 2, 6, 5];	

network_type= //[Networks] 				//each channel has a specific type; e.g. WiFi, LTE..
	[2, 2, 1, 1, 1, 1, 1, 1];		
nClientInterfaces = //[InterfaceTypes]
	[1, 1];	

//requests: generated Sat Nov 12 13:55:33 CET 2016
nChunks = 				[975, 2090, 225, 185, 675, 2420, 630, 85];		//[Flows]		
deadline= 				[86, 58, 35, 17, 90, 71, 24, 5];		//[Flows] 
prefStartTime = 		[36, 0, 18, 7, 40, 0, 3, 0];		//[Flows]
tpMaxWindow = 			[1, 1, 1, 1, 1, 1, 1, 1];		//[Flows]	//0 says not relevant/no maximum transfer rate; upper throughput limit
tpMaxChunks = 			[100000, 100000, 13, 100000, 100000, 100000, 30, 100000]; 		//maximum of chunks in above specified time frame
tpMinWindow = 			[26, 100000, 1, 3, 16, 100000, 1, 3];		//[Flows]  //1000 says not relevant / no minimum transfer rate
tpMinChunks = 			[123, 1, 4, 1, 52, 1, 10, 1]; 		//minimum of chunks in above specified time frame; lower throughput limit
latency = 				[10, 10, 4, 10, 10, 10, 4, 10];	
jitter = 				[10, 10, 4, 10, 10, 10, 4, 10];

hysteresis = 500;
tpMinAmp = 100;
importance = [
	[7, 0, 20, 9, 8, 0, 20, 7],	//deadline
	[5, 0, 10, 7, 4, 0, 10, 8],	//start time
	[, , , , , , , ],	//throughput upper bound
	[6, 0, 50, 2, 6, 0, 50, 2],	//throughput lower bound
	[5, 1, 6, 14, 4, 1, 6, 18],	//unsched
	[0, 0, 7, 0, 0, 0, 9, 0],	//latency
	[0, 0, 9, 0, 0, 0, 8, 0]	//jitter
]; //[ImportanceTypes, Flows]

//user profiles
userImportance = [8, 3, 10, 10, 7, 2, 8, 7]; //[Flows]
costImp = 15; //former willingness to pay is now inversely proportional value: cost importance 
 
