/*********************************************
 * OPL 12.6.0.0 Data
 * Author: QZ61P8
 * Creation Date: 10.07.2014 at 08:59:12
 *********************************************/


nNetworks = 8;
nTime = 100;
nInterfaceTypes = 2;
nFlows = 8;

//channel model: generated Thu Nov 10 12:11:53 CET 2016
availChunkBuckets = //[Networks, Time]  
[
	[0, 124, 102, 76, 143, 84, 82, 0, 24, 134, 111, 74, 131, 112, 91, 173, 166, 48, 56, 56, 1, 64, 88, 160, 211, 166, 123, 159, 34, 0, 75, 140, 158, 199, 173, 193, 243, 60, 96, 5, 97, 44, 45, 0, 0, 39, 81, 77, 86, 157, 12, 80, 182, 70, 15, 129, 80, 152, 115, 145, 80, 165, 130, 44, 133, 41, 28, 154, 48, 131, 81, 147, 101, 94, 28, 89, 0, 64, 73, 136, 51, 106, 37, 8, 29, 36, 20, 80, 177, 48, 96, 131, 130, 70, 21, 14, 90, 161, 138, 114]
,
	[27, 98, 39, 88, 10, 39, 75, 109, 31, 13, 20, 99, 8, 137, 55, 81, 47, 84, 169, 183, 145, 141, 117, 173, 204, 147, 36, 70, 33, 70, 85, 118, 80, 0, 44, 52, 54, 57, 137, 152, 105, 176, 101, 0, 29, 54, 52, 34, 0, 38, 3, 2, 0, 11, 62, 32, 25, 148, 66, 73, 30, 0, 104, 100, 12, 120, 164, 81, 127, 136, 73, 94, 107, 35, 47, 0, 73, 61, 81, 131, 117, 59, 1, 80, 84, 0, 0, 69, 21, 86, 176, 90, 91, 70, 69, 0, 36, 144, 71, 13]
,
	[0, 0, 0, 0, 0, 0, 0, 0, 0, 0, 0, 0, 0, 0, 0, 0, 0, 0, 0, 0, 0, 0, 0, 0, 0, 0, 0, 19, 2, 24, 55, 16, 18, 0, 0, 0, 0, 0, 0, 0, 0, 0, 0, 0, 0, 0, 0, 0, 0, 0, 0, 0, 0, 0, 0, 0, 0, 0, 0, 0, 0, 0, 0, 0, 0, 0, 0, 0, 0, 0, 0, 0, 0, 0, 0, 0, 0, 0, 0, 0, 0, 0, 0, 0, 0, 0, 0, 0, 0, 0, 0, 0, 0, 0, 0, 0, 0, 0, 0, 0]
,
	[0, 0, 0, 0, 0, 0, 0, 0, 0, 0, 0, 0, 0, 0, 0, 0, 0, 0, 0, 0, 0, 0, 0, 0, 0, 0, 0, 0, 0, 4, 20, 5, 31, 43, 49, 50, 32, 34, 23, 82, 30, 60, 72, 104, 74, 0, 28, 131, 144, 119, 141, 29, 30, 52, 0, 0, 39, 0, 0, 3, 0, 0, 0, 0, 0, 0, 0, 0, 0, 0, 0, 0, 0, 0, 0, 0, 0, 0, 0, 0, 0, 0, 0, 0, 0, 0, 0, 0, 0, 0, 0, 0, 0, 0, 0, 0, 0, 0, 0, 0]
,
	[0, 0, 0, 0, 0, 0, 0, 0, 0, 0, 0, 0, 0, 0, 0, 0, 0, 0, 0, 0, 0, 0, 0, 0, 0, 0, 0, 0, 0, 0, 0, 0, 0, 0, 0, 0, 15, 24, 37, 64, 81, 40, 7, 52, 71, 100, 96, 55, 126, 77, 100, 45, 65, 41, 116, 31, 44, 14, 86, 0, 41, 116, 62, 72, 64, 119, 49, 2, 34, 29, 0, 0, 2, 0, 0, 0, 0, 0, 0, 0, 0, 0, 0, 0, 0, 0, 0, 0, 0, 0, 0, 0, 0, 0, 0, 0, 0, 0, 0, 0]
,
	[0, 0, 0, 0, 0, 0, 0, 0, 0, 0, 0, 0, 0, 0, 0, 0, 0, 0, 0, 0, 0, 0, 0, 0, 0, 0, 0, 0, 0, 0, 0, 0, 0, 0, 0, 0, 0, 0, 0, 0, 0, 0, 0, 0, 0, 0, 0, 0, 0, 0, 22, 53, 59, 27, 27, 25, 36, 110, 99, 44, 61, 29, 30, 7, 0, 0, 81, 65, 49, 57, 32, 0, 0, 0, 0, 0, 0, 0, 0, 0, 0, 0, 0, 0, 0, 0, 0, 0, 0, 0, 0, 0, 0, 0, 0, 0, 0, 0, 0, 0]
,
	[0, 0, 0, 0, 0, 0, 0, 0, 0, 0, 0, 0, 0, 0, 0, 0, 0, 0, 0, 0, 0, 0, 0, 0, 0, 0, 0, 0, 0, 0, 0, 0, 0, 0, 0, 0, 0, 0, 0, 0, 0, 0, 0, 0, 0, 0, 7, 21, 17, 28, 53, 97, 69, 32, 86, 57, 0, 13, 6, 48, 103, 125, 78, 45, 113, 10, 70, 36, 108, 108, 76, 129, 36, 0, 90, 80, 81, 7, 0, 0, 27, 0, 12, 0, 0, 0, 0, 0, 0, 0, 0, 0, 0, 0, 0, 0, 0, 0, 0, 0]
,
	[0, 0, 0, 0, 0, 0, 0, 0, 0, 0, 0, 0, 0, 0, 0, 0, 0, 0, 0, 0, 0, 0, 0, 0, 0, 0, 0, 0, 0, 0, 0, 0, 0, 0, 0, 0, 0, 0, 0, 0, 0, 0, 0, 0, 0, 0, 0, 0, 0, 0, 0, 0, 0, 0, 0, 0, 0, 0, 0, 0, 0, 0, 0, 0, 0, 0, 0, 0, 0, 0, 0, 0, 0, 1, 0, 47, 64, 35, 18, 67, 12, 0, 9, 18, 52, 37, 39, 79, 15, 52, 0, 64, 52, 48, 35, 18, 0, 0, 0, 0]

];
	
network_cost = //[Networks] 
	[16, 19, 1, 1, 2, 1, 3, 1];				//static cost per channel (change later to more realistic model)
network_lcy =
	[20, 19, 0, 8, 1, 0, 1, 10];
network_jit =
	[4, 13, 13, 7, 16, 9, 4, 8];	

network_type= //[Networks] 				//each channel has a specific type; e.g. WiFi, LTE..
	[2, 2, 1, 1, 1, 1, 1, 1];		
nClientInterfaces = //[InterfaceTypes]
	[1, 1];	

//requests: generated Thu Nov 10 12:11:53 CET 2016
nChunks = 				[550, 1320, 585, 165, 575, 2475, 495, 155];		//[Flows]		
deadline= 				[54, 88, 73, 30, 52, 98, 83, 79];		//[Flows] 
prefStartTime = 		[21, 0, 1, 25, 19, 0, 29, 65];		//[Flows]
tpMaxWindow = 			[1, 1, 1, 1, 1, 1, 1, 1];		//[Flows]	//0 says not relevant/no maximum transfer rate; upper throughput limit
tpMaxChunks = 			[100000, 100000, 8, 100000, 100000, 100000, 9, 100000]; 		//maximum of chunks in above specified time frame
tpMinWindow = 			[21, 100000, 1, 3, 14, 100000, 1, 3];		//[Flows]  //1000 says not relevant / no minimum transfer rate
tpMinChunks = 			[84, 1, 8, 1, 59, 1, 3, 1]; 		//minimum of chunks in above specified time frame; lower throughput limit
latency = 				[10, 10, 4, 10, 10, 10, 4, 10];	
jitter = 				[10, 10, 4, 10, 10, 10, 4, 10];

hysteresis = 500;
tpMinAmp = 100;
importance = [
	[7, 0, 20, 8, 9, 0, 20, 7],	//deadline
	[5, 0, 10, 8, 4, 0, 10, 8],	//start time
	[, , , , , , , ],	//throughput upper bound
	[8, 0, 50, 4, 6, 0, 50, 2],	//throughput lower bound
	[6, 3, 4, 14, 5, 2, 4, 13],	//unsched
	[0, 0, 8, 0, 0, 0, 8, 0],	//latency
	[0, 0, 9, 0, 0, 0, 7, 0]	//jitter
]; //[ImportanceTypes, Flows]

//user profiles
userImportance = [5, 1, 11, 10, 6, 2, 11, 9]; //[Flows]
costImp = 15; //former willingness to pay is now inversely proportional value: cost importance 
 
