/*********************************************
 * OPL 12.6.0.0 Data
 * Author: QZ61P8
 * Creation Date: 10.07.2014 at 08:59:12
 *********************************************/


nNetworks = 8;
nTime = 100;
nInterfaceTypes = 2;
nFlows = 8;

//channel model: generated Sat Nov 19 17:46:54 CET 2016
availChunkBuckets = //[Networks, Time]  
[
	[82, 79, 77, 78, 81, 80, 79, 79, 81, 80, 79, 79, 78, 79, 80, 81, 77, 79, 81, 79, 79, 81, 80, 77, 79, 80, 79, 83, 84, 83, 84, 80, 82, 82, 81, 81, 79, 79, 80, 81, 80, 80, 80, 79, 77, 80, 80, 79, 83, 80, 76, 77, 82, 80, 83, 80, 82, 82, 80, 76, 81, 83, 79, 78, 75, 77, 78, 80, 80, 82, 85, 85, 82, 85, 77, 81, 84, 82, 84, 82, 82, 80, 78, 77, 79, 79, 81, 79, 80, 83, 80, 80, 79, 81, 79, 78, 81, 81, 82, 81]
,
	[79, 83, 79, 79, 78, 80, 80, 80, 80, 77, 77, 78, 81, 81, 83, 80, 79, 78, 79, 77, 77, 75, 75, 78, 77, 79, 82, 80, 80, 80, 80, 81, 78, 78, 78, 82, 81, 81, 81, 78, 81, 81, 81, 80, 83, 80, 80, 77, 76, 75, 78, 79, 79, 78, 78, 79, 77, 77, 81, 80, 82, 79, 78, 76, 77, 78, 79, 82, 79, 79, 81, 80, 78, 80, 83, 80, 82, 82, 79, 80, 76, 77, 79, 80, 83, 83, 79, 80, 78, 78, 79, 80, 81, 79, 77, 80, 80, 80, 79, 78]
,
	[0, 0, 0, 0, 0, 0, 0, 0, 0, 0, 0, 0, 0, 0, 0, 0, 0, 0, 0, 0, 0, 11, 22, 34, 45, 55, 56, 55, 55, 56, 54, 53, 55, 55, 56, 58, 47, 35, 23, 11, 0, 0, 0, 0, 0, 0, 0, 0, 0, 0, 0, 0, 0, 0, 0, 0, 0, 0, 0, 0, 0, 0, 0, 0, 0, 0, 0, 0, 0, 0, 0, 0, 0, 0, 0, 0, 0, 0, 0, 0, 0, 0, 0, 0, 0, 0, 0, 0, 0, 0, 0, 0, 0, 0, 0, 0, 0, 0, 0, 0]
,
	[0, 0, 0, 0, 0, 0, 0, 0, 0, 0, 0, 0, 0, 0, 0, 0, 0, 0, 0, 0, 0, 0, 0, 0, 0, 0, 0, 0, 0, 0, 0, 9, 18, 18, 27, 37, 46, 53, 62, 66, 68, 68, 68, 68, 66, 65, 63, 63, 63, 64, 65, 64, 63, 66, 57, 46, 37, 27, 18, 9, 0, 0, 0, 0, 0, 0, 0, 0, 0, 0, 0, 0, 0, 0, 0, 0, 0, 0, 0, 0, 0, 0, 0, 0, 0, 0, 0, 0, 0, 0, 0, 0, 0, 0, 0, 0, 0, 0, 0, 0]
,
	[0, 0, 0, 0, 0, 0, 0, 0, 0, 0, 0, 0, 0, 0, 0, 0, 0, 0, 0, 0, 0, 0, 0, 0, 0, 0, 0, 0, 0, 0, 0, 0, 0, 0, 0, 0, 0, 0, 0, 0, 0, 0, 0, 7, 15, 22, 31, 39, 47, 55, 56, 55, 55, 55, 57, 55, 56, 55, 55, 55, 55, 55, 56, 47, 39, 30, 22, 15, 7, 0, 0, 0, 0, 0, 0, 0, 0, 0, 0, 0, 0, 0, 0, 0, 0, 0, 0, 0, 0, 0, 0, 0, 0, 0, 0, 0, 0, 0, 0, 0]
,
	[0, 0, 0, 0, 0, 0, 0, 0, 0, 0, 0, 0, 0, 0, 0, 0, 0, 0, 0, 0, 0, 0, 0, 0, 0, 0, 0, 0, 0, 0, 0, 0, 0, 0, 0, 0, 0, 0, 0, 0, 0, 0, 0, 0, 0, 0, 0, 0, 0, 0, 0, 0, 0, 13, 26, 39, 52, 66, 64, 62, 64, 64, 65, 65, 66, 67, 53, 39, 27, 13, 0, 0, 0, 0, 0, 0, 0, 0, 0, 0, 0, 0, 0, 0, 0, 0, 0, 0, 0, 0, 0, 0, 0, 0, 0, 0, 0, 0, 0, 0]
,
	[0, 0, 0, 0, 0, 0, 0, 0, 0, 0, 0, 0, 0, 0, 0, 0, 0, 0, 0, 0, 0, 0, 0, 0, 0, 0, 0, 0, 0, 0, 0, 0, 0, 0, 0, 0, 0, 0, 0, 0, 0, 0, 0, 0, 0, 0, 0, 0, 0, 0, 0, 0, 0, 7, 15, 22, 31, 40, 47, 54, 55, 56, 56, 55, 55, 55, 55, 57, 56, 55, 54, 54, 55, 47, 31, 23, 15, 7, 0, 0, 0, 0, 0, 0, 0, 0, 0, 0, 0, 0, 0, 0, 0, 0, 0, 0, 0, 0, 0, 0]
,
	[0, 0, 0, 0, 0, 0, 0, 0, 0, 0, 0, 0, 0, 0, 0, 0, 0, 0, 0, 0, 0, 0, 0, 0, 0, 0, 0, 0, 0, 0, 0, 0, 0, 0, 0, 0, 0, 0, 0, 0, 0, 0, 0, 0, 0, 0, 0, 0, 0, 0, 0, 0, 0, 0, 0, 0, 0, 0, 0, 0, 0, 0, 0, 0, 0, 0, 0, 0, 0, 0, 0, 0, 9, 18, 37, 47, 55, 66, 65, 68, 66, 64, 62, 61, 63, 64, 65, 66, 63, 62, 62, 61, 54, 44, 37, 27, 18, 9, 0, 0]

];
	
network_cost = //[Networks] 
	[19, 23, 1, 3, 3, 2, 3, 2];				//static cost per channel (change later to more realistic model)
network_lcy =
	[10, 7, 3, 3, 2, 3, 2, 0];
network_jit =
	[6, 3, 8, 6, 4, 6, 6, 5];	

network_type= //[Networks] 				//each channel has a specific type; e.g. WiFi, LTE..
	[2, 2, 1, 1, 1, 1, 1, 1];		
nClientInterfaces = //[InterfaceTypes]
	[1, 1];	

//requests: generated Sat Nov 19 17:46:54 CET 2016
nChunks = 				[700, 1650, 240, 185, 500, 1925, 615, 29];		//[Flows]		
deadline= 				[83, 59, 91, 31, 83, 86, 49, 83];		//[Flows] 
prefStartTime = 		[50, 0, 2, 20, 33, 0, 26, 78];		//[Flows]
tpMaxWindow = 			[1, 1, 1, 1, 1, 1, 1, 1];		//[Flows]	//0 says not relevant/no maximum transfer rate; upper throughput limit
tpMaxChunks = 			[100000, 100000, 2, 100000, 100000, 100000, 26, 100000]; 		//maximum of chunks in above specified time frame
tpMinWindow = 			[18, 100000, 1, 3, 17, 100000, 1, 3];		//[Flows]  //1000 says not relevant / no minimum transfer rate
tpMinChunks = 			[94, 1, 0, 1, 42, 1, 26, 1]; 		//minimum of chunks in above specified time frame; lower throughput limit
latency = 				[10, 10, 4, 10, 10, 10, 4, 10];	
jitter = 				[10, 10, 4, 10, 10, 10, 4, 10];

hysteresis = 500;
tpMinAmp = 100;
importance = [
	[8, 0, 20, 7, 5, 0, 20, 7],	//deadline
	[5, 0, 10, 9, 5, 0, 10, 8],	//start time
	[, , , , , , , ],	//throughput upper bound
	[7, 0, 50, 2, 8, 0, 50, 2],	//throughput lower bound
	[5, 2, 4, 14, 4, 3, 5, 14],	//unsched
	[0, 0, 7, 0, 0, 0, 7, 0],	//latency
	[0, 0, 8, 0, 0, 0, 8, 0]	//jitter
]; //[ImportanceTypes, Flows]

//user profiles
userImportance = [7, 2, 10, 10, 8, 3, 8, 10]; //[Flows]
costImp = 15; //former willingness to pay is now inversely proportional value: cost importance 
 
